radius = 2
-85.48312378  59.10765457  27.33862305 -87.27480316  57.82688522  22.49188614 
-85.48312378  59.10765457  27.33862305 -92.05632019  57.21586609  25.52882385 
-87.27480316  57.82688522  22.49188614 -92.05632019  57.21586609  25.52882385 
-56.46094682 -13.3348197   14.64339157 -46.45340427 -19.51771476  17.70222273 
-56.46094682 -13.3348197   14.64339157 -61.16073229 -21.71450368  21.06300908 
-46.45340427 -19.51771476  17.70222273 -61.16073229 -21.71450368  21.06300908 
-21.50604066 -20.43875285  17.02737756 -20.51173918 -26.12259306  25.09089711 
-21.50604066 -20.43875285  17.02737756  -8.31446408 -26.09284094  22.60356003 
-20.51173918 -26.12259306  25.09089711  -8.31446408 -26.09284094  22.60356003 
-57.42279053  28.62210655  53.44730377 -41.55941755  31.51228282  62.15505429 
-57.42279053  28.62210655  53.44730377 -53.35958481  43.32715988  60.78105927 
-41.55941755  31.51228282  62.15505429 -53.35958481  43.32715988  60.78105927 
54.12262325  9.99919253 62.77270679 68.55570984  4.6998024  67.34333801 
54.12262325  9.99919253 62.77270679 62.63690186 -3.78686261 67.60491943 
68.55570984  4.6998024  67.34333801 62.63690186 -3.78686261 67.60491943 
11.02487405 43.54202108 35.53661027  1.84650745 46.66449073 39.39815388 
11.02487405 43.54202108 35.53661027 12.09377926 38.55057844 43.05340672 
 1.84650745 46.66449073 39.39815388 12.09377926 38.55057844 43.05340672 
-75.50023651  -3.9478786   53.14504623 -86.47441864 -10.9040556   52.4447937  
-75.50023651  -3.9478786   53.14504623 -85.78081512 -18.67300797  52.22641373 
-86.47441864 -10.9040556   52.4447937  -85.78081512 -18.67300797  52.22641373 
-9.46675586 -5.01080283 56.58143755   8.27113312 -13.5333025   53.57009994 
-9.46675586 -5.01080283 56.58143755  -4.65867845 -16.6446815   51.48664974 
  8.27113312 -13.5333025   53.57009994  -4.65867845 -16.6446815   51.48664974 
26.67277127 40.87140591 16.81570984 39.8865201  40.4702317  21.58311616 
26.67277127 40.87140591 16.81570984 28.64202702 42.24761993 25.78015443 
39.8865201  40.4702317  21.58311616 28.64202702 42.24761993 25.78015443 
14.94265604 43.36705252 20.46105582 28.64202702 42.24761993 25.78015443 
14.94265604 43.36705252 20.46105582 20.62483979 42.61035459 30.82673642 
28.64202702 42.24761993 25.78015443 20.62483979 42.61035459 30.82673642 
-20.76655388  46.49834824  61.08586121 -35.14322662  54.10023117  63.30958557 
-20.76655388  46.49834824  61.08586121 -29.34451866  38.92721176  64.20722198 
-35.14322662  54.10023117  63.30958557 -29.34451866  38.92721176  64.20722198 
-70.79226802 -31.13856897  42.55398999 -71.87179024 -27.57392484  51.05253321 
-70.79226802 -31.13856897  42.55398999 -64.92083785 -29.7404858   48.77971211 
-71.87179024 -27.57392484  51.05253321 -64.92083785 -29.7404858   48.77971211 
-46.02824083 -29.67164663  47.27617655 -45.87499595 -21.95721424  57.00674454 
-46.02824083 -29.67164663  47.27617655 -38.2979004 -26.782865   50.1233186 
-45.87499595 -21.95721424  57.00674454 -38.2979004 -26.782865   50.1233186 
-80.88137817  24.51509666   7.91441107 -80.66705322  43.43662262   8.32053852 
-80.88137817  24.51509666   7.91441107 -61.78162615  30.39884875   4.86393478 
-80.66705322  43.43662262   8.32053852 -61.78162615  30.39884875   4.86393478 
-10.83445454  55.96843338  41.13830185  1.84650745 46.66449073 39.39815388 
-10.83445454  55.96843338  41.13830185 -4.99881307 49.88439345 44.06978312 
 1.84650745 46.66449073 39.39815388 -4.99881307 49.88439345 44.06978312 
15.23353219 26.68869955  3.34296498 15.31495752 36.68604238 10.04403455 
15.23353219 26.68869955  3.34296498  0.56058244 34.53213532  8.32172395 
15.31495752 36.68604238 10.04403455  0.56058244 34.53213532  8.32172395 
-61.06603613 -31.80362711  41.38569699 -67.2970757  -30.78292965  34.65632766 
-61.06603613 -31.80362711  41.38569699 -56.58953466 -30.74528812  32.39813174 
-67.2970757  -30.78292965  34.65632766 -56.58953466 -30.74528812  32.39813174 
-70.79226802 -31.13856897  42.55398999 -61.06603613 -31.80362711  41.38569699 
-61.06603613 -31.80362711  41.38569699 -64.92083785 -29.7404858   48.77971211 
-13.95936499 -21.86553295  47.72216512 -22.21804024 -26.11465078  42.80043098 
-13.95936499 -21.86553295  47.72216512 -22.46591755 -19.7707471   52.67961279 
-22.21804024 -26.11465078  42.80043098 -22.46591755 -19.7707471   52.67961279 
-84.89551544 -27.53635406  47.4659729  -79.78178406 -29.0090332   46.18397522 
-84.89551544 -27.53635406  47.4659729  -84.7206955  -28.81215858  44.33053207 
-79.78178406 -29.0090332   46.18397522 -84.7206955  -28.81215858  44.33053207 
 34.78314056 -31.5460978   47.40166288  21.09892133 -31.95327527  41.00887476 
 34.78314056 -31.5460978   47.40166288  22.18211004 -23.82296285  50.76517974 
 21.09892133 -31.95327527  41.00887476  22.18211004 -23.82296285  50.76517974 
11.02487405 43.54202108 35.53661027 24.35485312 38.41289322 39.59701483 
12.09377926 38.55057844 43.05340672 24.35485312 38.41289322 39.59701483 
-10.50107038  44.59262963  16.22198033 -20.51465797  56.97941971  25.01695251 
-10.50107038  44.59262963  16.22198033 -8.32417698 49.80863372 26.01658956 
-20.51465797  56.97941971  25.01695251 -8.32417698 49.80863372 26.01658956 
 1.84650745 46.66449073 39.39815388  1.71545353 41.42771547 45.73548023 
 1.71545353 41.42771547 45.73548023 -4.99881307 49.88439345 44.06978312 
 30.87330129 -25.7989483   10.97732507  33.07244457 -34.63795453  21.1130003  
 30.87330129 -25.7989483   10.97732507  17.78432731 -28.69509362  17.2148292  
 33.07244457 -34.63795453  21.1130003   17.78432731 -28.69509362  17.2148292  
-87.38698578   7.6921773   13.27046967 -86.92658997   3.03082824  15.33722782 
-87.38698578   7.6921773   13.27046967 -83.88904572  11.81390095  10.04138279 
-86.92658997   3.03082824  15.33722782 -83.88904572  11.81390095  10.04138279 
-80.66705322  43.43662262   8.32053852 -91.09040833  48.89149857  14.10543919 
-80.66705322  43.43662262   8.32053852 -82.35753632  56.8635788   17.43144608 
-91.09040833  48.89149857  14.10543919 -82.35753632  56.8635788   17.43144608 
-9.46675586 -5.01080283 56.58143755 -33.74898787  -1.44104715  60.65938114 
-9.46675586 -5.01080283 56.58143755 -16.93949601   8.66756481  59.59949573 
-33.74898787  -1.44104715  60.65938114 -16.93949601   8.66756481  59.59949573 
-5.33575806 17.62879556 57.11071925 -14.75709199  31.46919761  59.72459187 
-5.33575806 17.62879556 57.11071925 -24.40332337  23.43009991  61.79275449 
-14.75709199  31.46919761  59.72459187 -24.40332337  23.43009991  61.79275449 
-78.15678406 -24.23249626  52.88331223 -70.74421692 -18.52303505  56.53806305 
-78.15678406 -24.23249626  52.88331223 -85.78081512 -18.67300797  52.22641373 
-70.74421692 -18.52303505  56.53806305 -85.78081512 -18.67300797  52.22641373 
-85.33576965 -23.35818672  50.89603806 -85.07530212 -25.9033432   49.20556641 
-85.33576965 -23.35818672  50.89603806 -81.50471497 -26.66428375  49.63620758 
-85.07530212 -25.9033432   49.20556641 -81.50471497 -26.66428375  49.63620758 
-84.89551544 -27.53635406  47.4659729  -85.07530212 -25.9033432   49.20556641 
-84.89551544 -27.53635406  47.4659729  -81.50471497 -26.66428375  49.63620758 
66.1243515   0.42636293 -0.13333356 45.71482804 -7.28955798  0.81715754 
66.1243515   0.42636293 -0.13333356 43.02161715  9.06419453  0.16425632 
45.71482804 -7.28955798  0.81715754 43.02161715  9.06419453  0.16425632 
-43.94299858 -11.41122292  59.96488655 -56.39003733 -17.70603724  57.8031437  
-43.94299858 -11.41122292  59.96488655 -45.87499595 -21.95721424  57.00674454 
-56.39003733 -17.70603724  57.8031437  -45.87499595 -21.95721424  57.00674454 
-88.11156464   8.81626606  47.66508484 -87.25926208  -1.89576769  51.13298416 
-88.11156464   8.81626606  47.66508484 -75.50023651  -3.9478786   53.14504623 
-87.25926208  -1.89576769  51.13298416 -75.50023651  -3.9478786   53.14504623 
-85.33576965 -23.35818672  50.89603806 -78.15678406 -24.23249626  52.88331223 
-78.15678406 -24.23249626  52.88331223 -81.50471497 -26.66428375  49.63620758 
-73.13841248  -7.17284298  13.78337955 -86.92658997   3.03082824  15.33722782 
-73.13841248  -7.17284298  13.78337955 -86.16758728  -6.90483189  17.76471329 
-86.92658997   3.03082824  15.33722782 -86.16758728  -6.90483189  17.76471329 
 -8.31446408 -26.09284094  22.60356003  -1.30416378 -30.53641101  34.56445963 
 -8.31446408 -26.09284094  22.60356003   6.12604031 -30.69438227  24.54760359 
 -1.30416378 -30.53641101  34.56445963   6.12604031 -30.69438227  24.54760359 
84.96588898 34.56307602 17.07540321 72.29938507 31.5267601  11.29282665 
84.96588898 34.56307602 17.07540321 70.56171417 36.00116348 17.5451355  
72.29938507 31.5267601  11.29282665 70.56171417 36.00116348 17.5451355  
-69.12351227   9.98212528   7.34596443 -86.92658997   3.03082824  15.33722782 
-69.12351227   9.98212528   7.34596443 -83.88904572  11.81390095  10.04138279 
-85.33576965 -23.35818672  50.89603806 -85.78081512 -18.67300797  52.22641373 
-38.00652695  66.17210388  23.08832932 -36.02352905  66.78566742  25.06092453 
-38.00652695  66.17210388  23.08832932 -34.56987     62.76825333  21.32886124 
-36.02352905  66.78566742  25.06092453 -34.56987     62.76825333  21.32886124 
36.50791686 32.96682968 45.85532169 36.91554868 39.75328492 34.68050115 
36.50791686 32.96682968 45.85532169 24.35485312 38.41289322 39.59701483 
36.91554868 39.75328492 34.68050115 24.35485312 38.41289322 39.59701483 
-21.50604066 -20.43875285  17.02737756  -9.63142772 -15.81636612  11.54366346 
-21.50604066 -20.43875285  17.02737756 -34.20881458 -13.32245767  13.00918002 
 -9.63142772 -15.81636612  11.54366346 -34.20881458 -13.32245767  13.00918002 
 12.26645842 -19.43984478   9.22507977  17.78432731 -28.69509362  17.2148292  
 12.26645842 -19.43984478   9.22507977   2.9180711  -24.14264087  15.72126357 
 17.78432731 -28.69509362  17.2148292    2.9180711  -24.14264087  15.72126357 
-46.02824083 -29.67164663  47.27617655 -51.52843235 -26.52677894  53.39574535 
-46.02824083 -29.67164663  47.27617655 -53.18014736 -31.49441157  43.18376328 
-51.52843235 -26.52677894  53.39574535 -53.18014736 -31.49441157  43.18376328 
-30.60554925 -12.98202927  58.01889173 -29.79984116 -23.60921633  51.04064411 
-30.60554925 -12.98202927  58.01889173 -37.13085425 -19.36277278  57.13874964 
-29.79984116 -23.60921633  51.04064411 -37.13085425 -19.36277278  57.13874964 
-76.17076111 -25.63544083  27.54458237 -84.82171631 -24.21758652  28.29078674 
-76.17076111 -25.63544083  27.54458237 -84.57084656 -28.31038857  34.25987244 
-84.82171631 -24.21758652  28.29078674 -84.57084656 -28.31038857  34.25987244 
-70.79226802 -31.13856897  42.55398999 -67.2970757  -30.78292965  34.65632766 
-76.17076111 -25.63544083  27.54458237 -85.23252106 -18.65571785  24.66337967 
-84.82171631 -24.21758652  28.29078674 -85.23252106 -18.65571785  24.66337967 
-78.15678406 -24.23249626  52.88331223 -71.87179024 -27.57392484  51.05253321 
-71.87179024 -27.57392484  51.05253321 -81.50471497 -26.66428375  49.63620758 
 21.09892133 -31.95327527  41.00887476   7.49879414 -25.55087456  45.86011731 
  7.49879414 -25.55087456  45.86011731  22.18211004 -23.82296285  50.76517974 
-57.42279053  28.62210655  53.44730377 -55.5034641    7.64462897  54.01675557 
-57.42279053  28.62210655  53.44730377 -38.26104446  16.15148262  58.67156794 
-55.5034641    7.64462897  54.01675557 -38.26104446  16.15148262  58.67156794 
78.13369751 16.17376137 64.28314209 65.8310318  20.20501137 59.20791626 
78.13369751 16.17376137 64.28314209 68.5090332  12.44264698 64.46784973 
65.8310318  20.20501137 59.20791626 68.5090332  12.44264698 64.46784973 
83.48955536 36.92972565 37.29323578 75.30949402 37.87700272 31.57960701 
83.48955536 36.92972565 37.29323578 70.9826889  36.17779541 39.08283234 
75.30949402 37.87700272 31.57960701 70.9826889  36.17779541 39.08283234 
 0.48317975 44.8616581  21.14084636  4.31034569 41.11466289 14.42822258 
 0.48317975 44.8616581  21.14084636 14.94265604 43.36705252 20.46105582 
 4.31034569 41.11466289 14.42822258 14.94265604 43.36705252 20.46105582 
-20.73661232  58.95385742  53.55316162 -12.82507896  55.01276779  48.77521515 
-20.73661232  58.95385742  53.55316162 -18.6835041   61.86936951  45.50865555 
-12.82507896  55.01276779  48.77521515 -18.6835041   61.86936951  45.50865555 
-73.13841248  -7.17284298  13.78337955 -85.69226837 -12.80730629  20.50184441 
-85.69226837 -12.80730629  20.50184441 -86.16758728  -6.90483189  17.76471329 
 34.78314056 -31.5460978   47.40166288  42.7135119  -37.29969707  42.16735261 
 34.78314056 -31.5460978   47.40166288  32.17741192 -35.70178717  39.32870821 
 42.7135119  -37.29969707  42.16735261  32.17741192 -35.70178717  39.32870821 
-10.83445454  55.96843338  41.13830185 -2.88013097 49.96425317 33.83164683 
-10.83445454  55.96843338  41.13830185 -14.26385212  57.24561691  33.50786591 
-2.88013097 49.96425317 33.83164683 -14.26385212  57.24561691  33.50786591 
-80.66705322  43.43662262   8.32053852 -89.7828598   35.07044983  12.31505489 
-80.66705322  43.43662262   8.32053852 -90.31319427  40.6193428   12.19804001 
-89.7828598   35.07044983  12.31505489 -90.31319427  40.6193428   12.19804001 
 70.96910095 -44.95239258  45.97290421  70.88349915 -42.59362793  51.36500168 
 70.96910095 -44.95239258  45.97290421  62.56628036 -43.19506454  42.74346161 
 70.88349915 -42.59362793  51.36500168  62.56628036 -43.19506454  42.74346161 
 64.85317993 -32.88824463   9.483428    60.72734451 -41.25531387  20.52256775 
 64.85317993 -32.88824463   9.483428    47.36658048 -33.49556666  14.21033168 
 60.72734451 -41.25531387  20.52256775  47.36658048 -33.49556666  14.21033168 
-78.15678406 -24.23249626  52.88331223 -65.06702089 -22.97472216  55.41640332 
-65.06702089 -22.97472216  55.41640332 -70.74421692 -18.52303505  56.53806305 
26.67277127 40.87140591 16.81570984 14.94265604 43.36705252 20.46105582 
-30.60554925 -12.98202927  58.01889173 -43.94299858 -11.41122292  59.96488655 
-30.60554925 -12.98202927  58.01889173 -33.74898787  -1.44104715  60.65938114 
-43.94299858 -11.41122292  59.96488655 -33.74898787  -1.44104715  60.65938114 
-87.38698578   7.6921773   13.27046967 -87.66921997  11.10975742  12.04483128 
-87.66921997  11.10975742  12.04483128 -83.88904572  11.81390095  10.04138279 
 64.85317993 -32.88824463   9.483428    74.91481018 -38.33850098  13.16283226 
 64.85317993 -32.88824463   9.483428    73.96002197 -42.1556778   17.80197716 
 74.91481018 -38.33850098  13.16283226  73.96002197 -42.1556778   17.80197716 
-5.33575806 17.62879556 57.11071925 -16.93949601   8.66756481  59.59949573 
-24.40332337  23.43009991  61.79275449 -16.93949601   8.66756481  59.59949573 
-20.2322197   63.63031387  39.72713852 -10.83445454  55.96843338  41.13830185 
-20.2322197   63.63031387  39.72713852 -18.6835041   61.86936951  45.50865555 
-10.83445454  55.96843338  41.13830185 -18.6835041   61.86936951  45.50865555 
 -8.31446408 -26.09284094  22.60356003 -13.8462131  -28.13802893  35.28621545 
 -1.30416378 -30.53641101  34.56445963 -13.8462131  -28.13802893  35.28621545 
-87.25926208  -1.89576769  51.13298416 -86.47441864 -10.9040556   52.4447937  
-82.19165802  58.59752655  34.28623199 -88.31958008  56.19551086  33.77161789 
-82.19165802  58.59752655  34.28623199 -87.08591461  58.35923004  30.3278389  
-88.31958008  56.19551086  33.77161789 -87.08591461  58.35923004  30.3278389  
 39.62865463 -38.65058624  31.4238049   48.7392549  -39.84707566  25.0814393  
 39.62865463 -38.65058624  31.4238049   33.07244457 -34.63795453  21.1130003  
 48.7392549  -39.84707566  25.0814393   33.07244457 -34.63795453  21.1130003  
-65.06702089 -22.97472216  55.41640332 -58.14841043 -27.94169926  51.80548955 
-65.06702089 -22.97472216  55.41640332 -64.92083785 -29.7404858   48.77971211 
-58.14841043 -27.94169926  51.80548955 -64.92083785 -29.7404858   48.77971211 
-61.06603613 -31.80362711  41.38569699 -58.14841043 -27.94169926  51.80548955 
83.48955536 36.92972565 37.29323578 82.45304871 34.16537094 44.67152786 
70.9826889  36.17779541 39.08283234 82.45304871 34.16537094 44.67152786 
 38.69568967 -25.22819208  54.90119408  52.16345978 -36.78401947  48.66963196 
 38.69568967 -25.22819208  54.90119408  55.26391983 -28.00823212  59.18432236 
 52.16345978 -36.78401947  48.66963196  55.26391983 -28.00823212  59.18432236 
-76.17076111 -25.63544083  27.54458237 -64.20596484 -27.23161861  27.34432389 
-76.17076111 -25.63544083  27.54458237 -61.16073229 -21.71450368  21.06300908 
-64.20596484 -27.23161861  27.34432389 -61.16073229 -21.71450368  21.06300908 
20.77545695 32.29286822 47.28440759 36.50791686 32.96682968 45.85532169 
20.77545695 32.29286822 47.28440759 24.35485312 38.41289322 39.59701483 
 -4.67636566 -25.51920079  43.61351487 -13.95936499 -21.86553295  47.72216512 
 -4.67636566 -25.51920079  43.61351487 -13.8462131  -28.13802893  35.28621545 
-13.95936499 -21.86553295  47.72216512 -13.8462131  -28.13802893  35.28621545 
-70.79226802 -31.13856897  42.55398999 -78.94703674 -30.36717033  40.40554428 
-70.79226802 -31.13856897  42.55398999 -79.78178406 -29.0090332   46.18397522 
-78.94703674 -30.36717033  40.40554428 -79.78178406 -29.0090332   46.18397522 
65.07074738 15.79515648  2.00419188 58.96946367 26.60545833  6.66002872 
65.07074738 15.79515648  2.00419188 49.09888298 19.3148962   2.56258928 
58.96946367 26.60545833  6.66002872 49.09888298 19.3148962   2.56258928 
0.66011503 8.7875018  0.58289135 19.01825924 14.73738183 -0.29544807 
0.66011503 8.7875018  0.58289135 -0.48507145 23.42880065  2.76616599 
19.01825924 14.73738183 -0.29544807 -0.48507145 23.42880065  2.76616599 
-26.93634121  49.44285967  14.04901047 -38.18270634  37.03711558   7.36771106 
-26.93634121  49.44285967  14.04901047 -42.51775742  57.58180237  14.47052383 
-38.18270634  37.03711558   7.36771106 -42.51775742  57.58180237  14.47052383 
 -4.67636566 -25.51920079  43.61351487  -1.30416378 -30.53641101  34.56445963 
23.49656614  0.61542887 -0.24657544 45.71482804 -7.28955798  0.81715754 
23.49656614  0.61542887 -0.24657544  27.37955752 -13.83070339   3.80118924 
45.71482804 -7.28955798  0.81715754  27.37955752 -13.83070339   3.80118924 
 21.09892133 -31.95327527  41.00887476  32.17741192 -35.70178717  39.32870821 
-38.18270634  37.03711558   7.36771106 -57.76495718  48.90293489   9.06046895 
-42.51775742  57.58180237  14.47052383 -57.76495718  48.90293489   9.06046895 
-80.66705322  43.43662262   8.32053852 -69.24468231  58.03619766  15.09187031 
-82.35753632  56.8635788   17.43144608 -69.24468231  58.03619766  15.09187031 
-38.0825986  -29.10767142  30.33534375 -26.73763512 -28.24551418  31.98146115 
-38.0825986  -29.10767142  30.33534375 -31.71090791 -28.77392249  41.06169888 
-26.73763512 -28.24551418  31.98146115 -31.71090791 -28.77392249  41.06169888 
-78.94703674 -30.36717033  40.40554428 -84.56616974 -29.42698097  39.18497086 
-78.94703674 -30.36717033  40.40554428 -84.7206955  -28.81215858  44.33053207 
-84.56616974 -29.42698097  39.18497086 -84.7206955  -28.81215858  44.33053207 
-21.50604066 -20.43875285  17.02737756 -34.1040967  -23.65905173  21.76706096 
-20.51173918 -26.12259306  25.09089711 -34.1040967  -23.65905173  21.76706096 
 18.91234593 -34.13571475  27.56790368  28.08245148 -35.97204575  31.10036056 
 18.91234593 -34.13571475  27.56790368  33.07244457 -34.63795453  21.1130003  
 28.08245148 -35.97204575  31.10036056  33.07244457 -34.63795453  21.1130003  
-91.85884857  55.97459793  21.06181335 -87.27480316  57.82688522  22.49188614 
-91.85884857  55.97459793  21.06181335 -92.05632019  57.21586609  25.52882385 
 0.23550747 26.67752315 54.07807107  4.60397135 34.3865995  49.42901326 
 0.23550747 26.67752315 54.07807107 -8.80714562 38.39575092 55.33213096 
 4.60397135 34.3865995  49.42901326 -8.80714562 38.39575092 55.33213096 
 30.87330129 -25.7989483   10.97732507  12.26645842 -19.43984478   9.22507977 
 30.87330129 -25.7989483   10.97732507  27.37955752 -13.83070339   3.80118924 
 12.26645842 -19.43984478   9.22507977  27.37955752 -13.83070339   3.80118924 
23.49656614  0.61542887 -0.24657544  5.07288986 -6.97712344  3.17704998 
 5.07288986 -6.97712344  3.17704998  27.37955752 -13.83070339   3.80118924 
-9.46675586 -5.01080283 56.58143755  8.88517415  1.79165997 57.03206463 
  8.27113312 -13.5333025   53.57009994  8.88517415  1.79165997 57.03206463 
-65.06702089 -22.97472216  55.41640332 -71.87179024 -27.57392484  51.05253321 
74.70069885 23.54319572  5.64984369 65.07074738 15.79515648  2.00419188 
74.70069885 23.54319572  5.64984369 58.96946367 26.60545833  6.66002872 
 8.88517415  1.79165997 57.03206463 -16.93949601   8.66756481  59.59949573 
-80.88137817  24.51509666   7.91441107 -69.12351227   9.98212528   7.34596443 
-80.88137817  24.51509666   7.91441107 -83.88904572  11.81390095  10.04138279 
36.25100813 35.87285347 11.27953253 48.31570917 34.3344798  11.86293183 
36.25100813 35.87285347 11.27953253 39.8865201  40.4702317  21.58311616 
48.31570917 34.3344798  11.86293183 39.8865201  40.4702317  21.58311616 
-80.88137817  24.51509666   7.91441107 -88.09043884  16.00896454  11.15332603 
-88.09043884  16.00896454  11.15332603 -83.88904572  11.81390095  10.04138279 
-67.2970757  -30.78292965  34.65632766 -64.20596484 -27.23161861  27.34432389 
-56.58953466 -30.74528812  32.39813174 -64.20596484 -27.23161861  27.34432389 
84.52639771 37.48832703 26.47070503 83.48955536 36.92972565 37.29323578 
84.52639771 37.48832703 26.47070503 75.30949402 37.87700272 31.57960701 
 30.87330129 -25.7989483   10.97732507  47.36658048 -33.49556666  14.21033168 
 33.07244457 -34.63795453  21.1130003   47.36658048 -33.49556666  14.21033168 
 0.23550747 26.67752315 54.07807107 13.76280385 26.48712526 51.68811161 
13.76280385 26.48712526 51.68811161  4.60397135 34.3865995  49.42901326 
-25.65512276  56.56845856  59.0634079  -20.76655388  46.49834824  61.08586121 
-25.65512276  56.56845856  59.0634079  -35.14322662  54.10023117  63.30958557 
-53.35958481  43.32715988  60.78105927 -58.57368088  52.91585541  59.10124207 
-53.35958481  43.32715988  60.78105927 -66.34229279  54.18878555  52.71502304 
-58.57368088  52.91585541  59.10124207 -66.34229279  54.18878555  52.71502304 
-26.93634121  49.44285967  14.04901047 -16.23838098  35.11798053   8.05361609 
-16.23838098  35.11798053   8.05361609 -38.18270634  37.03711558   7.36771106 
-21.85871542   0.85791982   5.42730203 -34.20881458 -13.32245767  13.00918002 
-21.85871542   0.85791982   5.42730203 -49.82668554  -1.36347793   8.77750529 
-34.20881458 -13.32245767  13.00918002 -49.82668554  -1.36347793   8.77750529 
-70.74421692 -18.52303505  56.53806305 -56.39003733 -17.70603724  57.8031437  
-70.74421692 -18.52303505  56.53806305 -56.30839207  -6.7074186   57.84977626 
-56.39003733 -17.70603724  57.8031437  -56.30839207  -6.7074186   57.84977626 
-50.84875107  52.52370453  62.83031845 -42.91195679  53.05185318  63.87618256 
-50.84875107  52.52370453  62.83031845 -49.98581696  49.89195251  62.9601593  
-42.91195679  53.05185318  63.87618256 -49.98581696  49.89195251  62.9601593  
 18.91234593 -34.13571475  27.56790368  21.09892133 -31.95327527  41.00887476 
 21.09892133 -31.95327527  41.00887476  28.08245148 -35.97204575  31.10036056 
53.35860375 34.98632622 41.97938452 68.51602173 30.2682476  49.60792923 
53.35860375 34.98632622 41.97938452 70.9826889  36.17779541 39.08283234 
68.51602173 30.2682476  49.60792923 70.9826889  36.17779541 39.08283234 
  8.27113312 -13.5333025   53.57009994   7.49879414 -25.55087456  45.86011731 
 -4.65867845 -16.6446815   51.48664974   7.49879414 -25.55087456  45.86011731 
-10.83445454  55.96843338  41.13830185 -12.82507896  55.01276779  48.77521515 
-12.82507896  55.01276779  48.77521515 -4.99881307 49.88439345 44.06978312 
 39.62865463 -38.65058624  31.4238049   28.08245148 -35.97204575  31.10036056 
78.13369751 16.17376137 64.28314209 77.0998764  10.81432819 67.29901886 
77.0998764  10.81432819 67.29901886 68.5090332  12.44264698 64.46784973 
-43.66229853  16.25462645   5.53181921 -21.85871542   0.85791982   5.42730203 
-43.66229853  16.25462645   5.53181921 -49.82668554  -1.36347793   8.77750529 
-88.31958008  56.19551086  33.77161789 -92.10050201  56.79213715  29.77426529 
-88.31958008  56.19551086  33.77161789 -92.08507538  56.11097717  32.12887192 
-92.10050201  56.79213715  29.77426529 -92.08507538  56.11097717  32.12887192 
-38.0825986  -29.10767142  30.33534375 -40.15300478 -30.43751075  40.30806071 
-40.15300478 -30.43751075  40.30806071 -31.71090791 -28.77392249  41.06169888 
-92.10050201  56.79213715  29.77426529 -87.08591461  58.35923004  30.3278389  
-55.5034641    7.64462897  54.01675557 -33.74898787  -1.44104715  60.65938114 
-55.5034641    7.64462897  54.01675557 -56.30839207  -6.7074186   57.84977626 
-33.74898787  -1.44104715  60.65938114 -56.30839207  -6.7074186   57.84977626 
 60.30276108 -16.62035561  65.65434265  42.90040124 -15.32444149  60.95402897 
 60.30276108 -16.62035561  65.65434265  55.26391983 -28.00823212  59.18432236 
 42.90040124 -15.32444149  60.95402897  55.26391983 -28.00823212  59.18432236 
-80.88137817  24.51509666   7.91441107 -89.7828598   35.07044983  12.31505489 
15.23353219 26.68869955  3.34296498 27.76207368 29.69673565  5.35605227 
27.76207368 29.69673565  5.35605227 15.31495752 36.68604238 10.04403455 
-13.8462131  -28.13802893  35.28621545 -22.21804024 -26.11465078  42.80043098 
-40.15300478 -30.43751075  40.30806071 -38.2979004 -26.782865   50.1233186 
-31.71090791 -28.77392249  41.06169888 -38.2979004 -26.782865   50.1233186 
 4.60397135 34.3865995  49.42901326 12.09377926 38.55057844 43.05340672 
 4.60397135 34.3865995  49.42901326  1.71545353 41.42771547 45.73548023 
12.09377926 38.55057844 43.05340672  1.71545353 41.42771547 45.73548023 
-78.4309082   34.25166702  44.92539597 -88.64361572  14.61269379  46.2201767  
-78.4309082   34.25166702  44.92539597 -73.90214539  14.03711033  47.09311676 
-88.64361572  14.61269379  46.2201767  -73.90214539  14.03711033  47.09311676 
 -9.63142772 -15.81636612  11.54366346 -21.85871542   0.85791982   5.42730203 
 -9.63142772 -15.81636612  11.54366346  5.07288986 -6.97712344  3.17704998 
-21.85871542   0.85791982   5.42730203  5.07288986 -6.97712344  3.17704998 
-79.78178406 -29.0090332   46.18397522 -81.50471497 -26.66428375  49.63620758 
-53.35958481  43.32715988  60.78105927 -41.99301147  45.24077606  64.42044067 
-53.35958481  43.32715988  60.78105927 -49.98581696  49.89195251  62.9601593  
-41.99301147  45.24077606  64.42044067 -49.98581696  49.89195251  62.9601593  
84.52639771 37.48832703 26.47070503 73.52845001 37.76711655 24.10019493 
73.52845001 37.76711655 24.10019493 75.30949402 37.87700272 31.57960701 
11.02487405 43.54202108 35.53661027  6.13292071 45.50262862 28.06939666 
11.02487405 43.54202108 35.53661027 -2.88013097 49.96425317 33.83164683 
 6.13292071 45.50262862 28.06939666 -2.88013097 49.96425317 33.83164683 
 71.54478455 -30.21062469  63.88160706  72.60315704 -20.2377491   67.97048187 
 71.54478455 -30.21062469  63.88160706  60.30276108 -16.62035561  65.65434265 
 72.60315704 -20.2377491   67.97048187  60.30276108 -16.62035561  65.65434265 
-6.21509719 44.53393809 50.68283094  4.60397135 34.3865995  49.42901326 
-6.21509719 44.53393809 50.68283094 -8.80714562 38.39575092 55.33213096 
-79.78178406 -29.0090332   46.18397522 -71.87179024 -27.57392484  51.05253321 
-57.42279053  28.62210655  53.44730377 -73.90214539  14.03711033  47.09311676 
-55.5034641    7.64462897  54.01675557 -73.90214539  14.03711033  47.09311676 
-87.27480316  57.82688522  22.49188614 -82.35753632  56.8635788   17.43144608 
-87.27480316  57.82688522  22.49188614 -79.08835602  61.1097641   27.79588127 
-82.35753632  56.8635788   17.43144608 -79.08835602  61.1097641   27.79588127 
-46.02824083 -29.67164663  47.27617655 -40.15300478 -30.43751075  40.30806071 
-46.02824083 -29.67164663  47.27617655 -47.41367419 -30.97507723  35.04208874 
-40.15300478 -30.43751075  40.30806071 -47.41367419 -30.97507723  35.04208874 
 12.26645842 -19.43984478   9.22507977  -9.63142772 -15.81636612  11.54366346 
 -9.63142772 -15.81636612  11.54366346   2.9180711  -24.14264087  15.72126357 
-57.42279053  28.62210655  53.44730377 -66.34229279  54.18878555  52.71502304 
-20.51465797  56.97941971  25.01695251 -23.92725945  64.80258179  34.9969101  
-20.51465797  56.97941971  25.01695251 -14.26385212  57.24561691  33.50786591 
-23.92725945  64.80258179  34.9969101  -14.26385212  57.24561691  33.50786591 
24.81045815  7.26976827 58.84237586 31.02433799 -3.36112245 59.99415276 
24.81045815  7.26976827 58.84237586 39.54506182  5.22548123 61.48023399 
31.02433799 -3.36112245 59.99415276 39.54506182  5.22548123 61.48023399 
 64.85317993 -32.88824463   9.483428    76.19677734 -31.98924255   8.99616718 
 74.91481018 -38.33850098  13.16283226  76.19677734 -31.98924255   8.99616718 
-65.06702089 -22.97472216  55.41640332 -56.39003733 -17.70603724  57.8031437  
-73.13841248  -7.17284298  13.78337955 -56.46094682 -13.3348197   14.64339157 
-73.13841248  -7.17284298  13.78337955 -49.82668554  -1.36347793   8.77750529 
-56.46094682 -13.3348197   14.64339157 -49.82668554  -1.36347793   8.77750529 
-91.99432373  54.67122269  34.09927368 -88.31958008  56.19551086  33.77161789 
-91.99432373  54.67122269  34.09927368 -92.08507538  56.11097717  32.12887192 
-88.11156464   8.81626606  47.66508484 -73.90214539  14.03711033  47.09311676 
-75.50023651  -3.9478786   53.14504623 -73.90214539  14.03711033  47.09311676 
42.40030296 27.59497281  5.63185282 32.54075892 20.45847975  1.73167897 
42.40030296 27.59497281  5.63185282 49.09888298 19.3148962   2.56258928 
32.54075892 20.45847975  1.73167897 49.09888298 19.3148962   2.56258928 
20.77545695 32.29286822 47.28440759 29.03322802 24.75366857 52.88984863 
36.50791686 32.96682968 45.85532169 29.03322802 24.75366857 52.88984863 
-51.52843235 -26.52677894  53.39574535 -56.39003733 -17.70603724  57.8031437  
-51.52843235 -26.52677894  53.39574535 -45.87499595 -21.95721424  57.00674454 
-41.99301147  45.24077606  64.42044067 -35.14322662  54.10023117  63.30958557 
-41.99301147  45.24077606  64.42044067 -29.34451866  38.92721176  64.20722198 
-29.79984116 -23.60921633  51.04064411 -22.21804024 -26.11465078  42.80043098 
-29.79984116 -23.60921633  51.04064411 -22.46591755 -19.7707471   52.67961279 
-46.45340427 -19.51771476  17.70222273 -49.43752235 -26.67314445  25.00361637 
-61.16073229 -21.71450368  21.06300908 -49.43752235 -26.67314445  25.00361637 
-85.48312378  59.10765457  27.33862305 -87.08591461  58.35923004  30.3278389  
-87.08591461  58.35923004  30.3278389  -92.05632019  57.21586609  25.52882385 
-80.66705322  43.43662262   8.32053852 -90.63774109  44.15647507  12.61106586 
-90.63774109  44.15647507  12.61106586 -90.31319427  40.6193428   12.19804001 
 4.31034569 41.11466289 14.42822258 15.31495752 36.68604238 10.04403455 
15.31495752 36.68604238 10.04403455 14.94265604 43.36705252 20.46105582 
35.52247529 15.43346715 58.07524089 24.81045815  7.26976827 58.84237586 
35.52247529 15.43346715 58.07524089 39.54506182  5.22548123 61.48023399 
-33.74898787  -1.44104715  60.65938114 -38.26104446  16.15148262  58.67156794 
 12.26645842 -19.43984478   9.22507977  5.07288986 -6.97712344  3.17704998 
13.76280385 26.48712526 51.68811161 29.03322802 24.75366857 52.88984863 
13.76280385 26.48712526 51.68811161 15.03159212 16.84810512 55.85610652 
29.03322802 24.75366857 52.88984863 15.03159212 16.84810512 55.85610652 
-56.46094682 -13.3348197   14.64339157 -34.20881458 -13.32245767  13.00918002 
-46.45340427 -19.51771476  17.70222273 -34.20881458 -13.32245767  13.00918002 
62.89495662 38.09563479 33.01942617 75.30949402 37.87700272 31.57960701 
62.89495662 38.09563479 33.01942617 70.9826889  36.17779541 39.08283234 
74.70069885 23.54319572  5.64984369 72.29938507 31.5267601  11.29282665 
72.29938507 31.5267601  11.29282665 58.96946367 26.60545833  6.66002872 
 0.23550747 26.67752315 54.07807107 -5.33575806 17.62879556 57.11071925 
 0.23550747 26.67752315 54.07807107 15.03159212 16.84810512 55.85610652 
-5.33575806 17.62879556 57.11071925 15.03159212 16.84810512 55.85610652 
23.49656614  0.61542887 -0.24657544 19.01825924 14.73738183 -0.29544807 
23.49656614  0.61542887 -0.24657544 43.02161715  9.06419453  0.16425632 
19.01825924 14.73738183 -0.29544807 43.02161715  9.06419453  0.16425632 
 79.32428741 -14.56495571   1.55826974  66.96717834 -16.79991341   2.49234533 
 79.32428741 -14.56495571   1.55826974  8.02695618e+01 -8.96836758e+00  8.02621767e-02 
 66.96717834 -16.79991341   2.49234533  8.02695618e+01 -8.96836758e+00  8.02621767e-02 
-76.17076111 -25.63544083  27.54458237 -75.23133087 -30.00068474  34.42192841 
-75.23133087 -30.00068474  34.42192841 -84.57084656 -28.31038857  34.25987244 
-36.02352905  66.78566742  25.06092453 -30.43778992  65.99863434  29.26401138 
-30.43778992  65.99863434  29.26401138 -34.56987     62.76825333  21.32886124 
-80.88137817  24.51509666   7.91441107 -89.01971436  26.30077171  11.57671833 
-89.7828598   35.07044983  12.31505489 -89.01971436  26.30077171  11.57671833 
 62.05746841 -44.23736572  32.20186234  71.94353485 -46.86613846  32.87178802 
 62.05746841 -44.23736572  32.20186234  72.67163086 -45.97473145  26.03027725 
 71.94353485 -46.86613846  32.87178802  72.67163086 -45.97473145  26.03027725 
0.66011503 8.7875018  0.58289135 -21.85871542   0.85791982   5.42730203 
0.66011503 8.7875018  0.58289135  5.07288986 -6.97712344  3.17704998 
 34.78314056 -31.5460978   47.40166288  52.16345978 -36.78401947  48.66963196 
 52.16345978 -36.78401947  48.66963196  42.7135119  -37.29969707  42.16735261 
-92.10050201  56.79213715  29.77426529 -92.05632019  57.21586609  25.52882385 
35.52247529 15.43346715 58.07524089 54.12262325  9.99919253 62.77270679 
39.54506182  5.22548123 61.48023399 54.12262325  9.99919253 62.77270679 
-91.09040833  48.89149857  14.10543919 -90.63774109  44.15647507  12.61106586 
36.25100813 35.87285347 11.27953253 42.40030296 27.59497281  5.63185282 
48.31570917 34.3344798  11.86293183 42.40030296 27.59497281  5.63185282 
-41.55941755  31.51228282  62.15505429 -38.26104446  16.15148262  58.67156794 
-41.55941755  31.51228282  62.15505429 -24.40332337  23.43009991  61.79275449 
-38.26104446  16.15148262  58.67156794 -24.40332337  23.43009991  61.79275449 
-80.66705322  43.43662262   8.32053852 -57.76495718  48.90293489   9.06046895 
-69.24468231  58.03619766  15.09187031 -57.76495718  48.90293489   9.06046895 
-34.1040967  -23.65905173  21.76706096 -46.45340427 -19.51771476  17.70222273 
-34.1040967  -23.65905173  21.76706096 -49.43752235 -26.67314445  25.00361637 
15.23353219 26.68869955  3.34296498 32.54075892 20.45847975  1.73167897 
27.76207368 29.69673565  5.35605227 32.54075892 20.45847975  1.73167897 
-43.94299858 -11.41122292  59.96488655 -56.30839207  -6.7074186   57.84977626 
 10.27535159 -32.1103701   35.71453113   7.49879414 -25.55087456  45.86011731 
 10.27535159 -32.1103701   35.71453113  -1.30416378 -30.53641101  34.56445963 
  7.49879414 -25.55087456  45.86011731  -1.30416378 -30.53641101  34.56445963 
-20.76655388  46.49834824  61.08586121 -14.75709199  31.46919761  59.72459187 
-29.34451866  38.92721176  64.20722198 -14.75709199  31.46919761  59.72459187 
-87.66921997  11.10975742  12.04483128 -88.09043884  16.00896454  11.15332603 
 0.23550747 26.67752315 54.07807107 -14.75709199  31.46919761  59.72459187 
-14.75709199  31.46919761  59.72459187 -8.80714562 38.39575092 55.33213096 
 10.27535159 -32.1103701   35.71453113  21.09892133 -31.95327527  41.00887476 
48.37081702 -4.09403964 64.12408667  60.30276108 -16.62035561  65.65434265 
48.37081702 -4.09403964 64.12408667 62.63690186 -3.78686261 67.60491943 
 60.30276108 -16.62035561  65.65434265 62.63690186 -3.78686261 67.60491943 
51.27565038 38.59184744 20.2168781  61.26999851 38.58769204 23.58402242 
51.27565038 38.59184744 20.2168781  60.25297644 34.53574642 13.76732749 
61.26999851 38.58769204 23.58402242 60.25297644 34.53574642 13.76732749 
70.56171417 36.00116348 17.5451355  61.26999851 38.58769204 23.58402242 
70.56171417 36.00116348 17.5451355  60.25297644 34.53574642 13.76732749 
 73.96002197 -42.1556778   17.80197716  60.72734451 -41.25531387  20.52256775 
 73.96002197 -42.1556778   17.80197716  72.67163086 -45.97473145  26.03027725 
 60.72734451 -41.25531387  20.52256775  72.67163086 -45.97473145  26.03027725 
68.51602173 30.2682476  49.60792923 82.45304871 34.16537094 44.67152786 
68.51602173 30.2682476  49.60792923 81.39537811 30.44966888 50.49446487 
82.45304871 34.16537094 44.67152786 81.39537811 30.44966888 50.49446487 
 51.48191677 -41.02591272  36.85791737  52.16345978 -36.78401947  48.66963196 
 51.48191677 -41.02591272  36.85791737  62.56628036 -43.19506454  42.74346161 
 52.16345978 -36.78401947  48.66963196  62.56628036 -43.19506454  42.74346161 
68.51602173 30.2682476  49.60792923 79.90424347 24.495718   57.55595398 
68.51602173 30.2682476  49.60792923 65.8310318  20.20501137 59.20791626 
79.90424347 24.495718   57.55595398 65.8310318  20.20501137 59.20791626 
-20.73661232  58.95385742  53.55316162 -15.52342987  51.37206268  55.23526764 
-15.52342987  51.37206268  55.23526764 -12.82507896  55.01276779  48.77521515 
-6.21509719 44.53393809 50.68283094 -15.52342987  51.37206268  55.23526764 
-15.52342987  51.37206268  55.23526764 -8.80714562 38.39575092 55.33213096 
-75.23133087 -30.00068474  34.42192841 -67.2970757  -30.78292965  34.65632766 
-75.23133087 -30.00068474  34.42192841 -64.20596484 -27.23161861  27.34432389 
48.31570917 34.3344798  11.86293183 58.96946367 26.60545833  6.66002872 
42.40030296 27.59497281  5.63185282 58.96946367 26.60545833  6.66002872 
 51.48191677 -41.02591272  36.85791737  62.05746841 -44.23736572  32.20186234 
 62.05746841 -44.23736572  32.20186234  62.56628036 -43.19506454  42.74346161 
35.52247529 15.43346715 58.07524089 15.03159212 16.84810512 55.85610652 
24.81045815  7.26976827 58.84237586 15.03159212 16.84810512 55.85610652 
68.55570984  4.6998024  67.34333801 74.60063171 -4.76444197 70.35106659 
74.60063171 -4.76444197 70.35106659 62.63690186 -3.78686261 67.60491943 
15.31495752 36.68604238 10.04403455 26.67277127 40.87140591 16.81570984 
15.31495752 36.68604238 10.04403455 25.33239424 36.22996068  9.99236658 
26.67277127 40.87140591 16.81570984 25.33239424 36.22996068  9.99236658 
-75.50023651  -3.9478786   53.14504623 -70.74421692 -18.52303505  56.53806305 
-38.00652695  66.17210388  23.08832932 -39.17603683  67.02378845  23.30539322 
-36.02352905  66.78566742  25.06092453 -39.17603683  67.02378845  23.30539322 
  8.27113312 -13.5333025   53.57009994  22.18211004 -23.82296285  50.76517974 
  8.27113312 -13.5333025   53.57009994  24.91773383 -13.19218979  56.79905418 
 22.18211004 -23.82296285  50.76517974  24.91773383 -13.19218979  56.79905418 
-55.08615494  62.81837845  17.86679077 -48.43665695  66.62231445  21.42743111 
-55.08615494  62.81837845  17.86679077 -44.23456955  66.88668823  22.04193497 
-48.43665695  66.62231445  21.42743111 -44.23456955  66.88668823  22.04193497 
 18.91234593 -34.13571475  27.56790368  10.27535159 -32.1103701   35.71453113 
-75.23133087 -30.00068474  34.42192841 -78.94703674 -30.36717033  40.40554428 
-78.94703674 -30.36717033  40.40554428 -67.2970757  -30.78292965  34.65632766 
-91.70955658  50.67877579  37.85050201 -91.99432373  54.67122269  34.09927368 
-91.70955658  50.67877579  37.85050201 -88.31958008  56.19551086  33.77161789 
-58.14841043 -27.94169926  51.80548955 -56.39003733 -17.70603724  57.8031437  
 64.85317993 -32.88824463   9.483428    66.96717834 -16.79991341   2.49234533 
 64.85317993 -32.88824463   9.483428    77.29486084 -26.0827198    6.08120727 
 66.96717834 -16.79991341   2.49234533  77.29486084 -26.0827198    6.08120727 
-85.48312378  59.10765457  27.33862305 -79.08835602  61.1097641   27.79588127 
-85.48312378  59.10765457  27.33862305 -81.61213684  59.93383026  30.47949028 
-79.08835602  61.1097641   27.79588127 -81.61213684  59.93383026  30.47949028 
53.35860375 34.98632622 41.97938452 62.89495662 38.09563479 33.01942617 
53.35860375 34.98632622 41.97938452 50.10921909 39.30107197 30.54326139 
62.89495662 38.09563479 33.01942617 50.10921909 39.30107197 30.54326139 
-78.4309082   34.25166702  44.92539597 -90.17389679  32.29277039  43.52936935 
-78.4309082   34.25166702  44.92539597 -89.94075775  29.68762779  43.5303154  
-90.17389679  32.29277039  43.52936935 -89.94075775  29.68762779  43.5303154  
-65.70882416  64.02232361  23.50768471 -55.08615494  62.81837845  17.86679077 
-65.70882416  64.02232361  23.50768471 -69.24468231  58.03619766  15.09187031 
-55.08615494  62.81837845  17.86679077 -69.24468231  58.03619766  15.09187031 
20.77545695 32.29286822 47.28440759 13.76280385 26.48712526 51.68811161 
53.35860375 34.98632622 41.97938452 36.50791686 32.96682968 45.85532169 
53.35860375 34.98632622 41.97938452 36.91554868 39.75328492 34.68050115 
-75.50023651  -3.9478786   53.14504623 -56.30839207  -6.7074186   57.84977626 
-16.23838098  35.11798053   8.05361609 -20.26990679  20.43418217   3.67543656 
-38.18270634  37.03711558   7.36771106 -20.26990679  20.43418217   3.67543656 
0.66011503 8.7875018  0.58289135 -20.26990679  20.43418217   3.67543656 
-21.85871542   0.85791982   5.42730203 -20.26990679  20.43418217   3.67543656 
-38.0825986  -29.10767142  30.33534375 -47.41367419 -30.97507723  35.04208874 
-38.0825986  -29.10767142  30.33534375 -49.43752235 -26.67314445  25.00361637 
-47.41367419 -30.97507723  35.04208874 -49.43752235 -26.67314445  25.00361637 
-39.19303513  67.02429962  23.29820061 -41.20653915  66.99453735  22.72109795 
-39.19303513  67.02429962  23.29820061 -38.00652695  66.17210388  23.08832932 
-41.20653915  66.99453735  22.72109795 -38.00652695  66.17210388  23.08832932 
15.23353219 26.68869955  3.34296498 -0.48507145 23.42880065  2.76616599 
-0.48507145 23.42880065  2.76616599  0.56058244 34.53213532  8.32172395 
75.81597137  3.32986808 69.62903595 77.0998764  10.81432819 67.29901886 
75.81597137  3.32986808 69.62903595 68.55570984  4.6998024  67.34333801 
77.0998764  10.81432819 67.29901886 68.55570984  4.6998024  67.34333801 
-26.73763512 -28.24551418  31.98146115 -22.21804024 -26.11465078  42.80043098 
-22.21804024 -26.11465078  42.80043098 -31.71090791 -28.77392249  41.06169888 
-15.52342987  51.37206268  55.23526764 -20.76655388  46.49834824  61.08586121 
-20.76655388  46.49834824  61.08586121 -8.80714562 38.39575092 55.33213096 
-30.60554925 -12.98202927  58.01889173 -19.0072399  -11.73503613  56.17255207 
-30.60554925 -12.98202927  58.01889173 -22.46591755 -19.7707471   52.67961279 
-19.0072399  -11.73503613  56.17255207 -22.46591755 -19.7707471   52.67961279 
54.12262325  9.99919253 62.77270679 65.8310318  20.20501137 59.20791626 
54.12262325  9.99919253 62.77270679 48.97234099 24.92461765 54.11244131 
65.8310318  20.20501137 59.20791626 48.97234099 24.92461765 54.11244131 
65.07074738 15.79515648  2.00419188 43.02161715  9.06419453  0.16425632 
49.09888298 19.3148962   2.56258928 43.02161715  9.06419453  0.16425632 
-10.50107038  44.59262963  16.22198033 -16.23838098  35.11798053   8.05361609 
-10.50107038  44.59262963  16.22198033  0.56058244 34.53213532  8.32172395 
-16.23838098  35.11798053   8.05361609  0.56058244 34.53213532  8.32172395 
62.89495662 38.09563479 33.01942617 61.26999851 38.58769204 23.58402242 
50.10921909 39.30107197 30.54326139 61.26999851 38.58769204 23.58402242 
-55.5034641    7.64462897  54.01675557 -75.50023651  -3.9478786   53.14504623 
-43.52526474  66.91786957  22.18330574 -42.51775742  57.58180237  14.47052383 
-43.52526474  66.91786957  22.18330574 -44.23456955  66.88668823  22.04193497 
-42.51775742  57.58180237  14.47052383 -44.23456955  66.88668823  22.04193497 
-61.78162615  30.39884875   4.86393478 -69.12351227   9.98212528   7.34596443 
 -4.67636566 -25.51920079  43.61351487  -4.65867845 -16.6446815   51.48664974 
 -4.65867845 -16.6446815   51.48664974 -13.95936499 -21.86553295  47.72216512 
 70.96910095 -44.95239258  45.97290421  71.31311035 -46.53054047  40.30311203 
 71.31311035 -46.53054047  40.30311203  62.56628036 -43.19506454  42.74346161 
-41.55941755  31.51228282  62.15505429 -41.99301147  45.24077606  64.42044067 
-41.55941755  31.51228282  62.15505429 -29.34451866  38.92721176  64.20722198 
 1.84650745 46.66449073 39.39815388 -2.88013097 49.96425317 33.83164683 
70.56171417 36.00116348 17.5451355  73.52845001 37.76711655 24.10019493 
73.52845001 37.76711655 24.10019493 61.26999851 38.58769204 23.58402242 
-26.93634121  49.44285967  14.04901047 -34.56987     62.76825333  21.32886124 
-42.51775742  57.58180237  14.47052383 -34.56987     62.76825333  21.32886124 
36.50791686 32.96682968 45.85532169 48.97234099 24.92461765 54.11244131 
29.03322802 24.75366857 52.88984863 48.97234099 24.92461765 54.11244131 
51.27565038 38.59184744 20.2168781  50.10921909 39.30107197 30.54326139 
-91.70955658  50.67877579  37.85050201 -80.909729    57.67315674  37.47628021 
-80.909729    57.67315674  37.47628021 -88.31958008  56.19551086  33.77161789 
-20.51465797  56.97941971  25.01695251 -30.43778992  65.99863434  29.26401138 
-20.51465797  56.97941971  25.01695251 -34.56987     62.76825333  21.32886124 
68.51602173 30.2682476  49.60792923 48.97234099 24.92461765 54.11244131 
 6.13292071 45.50262862 28.06939666 -8.32417698 49.80863372 26.01658956 
-2.88013097 49.96425317 33.83164683 -8.32417698 49.80863372 26.01658956 
66.1243515   0.42636293 -0.13333356 65.07074738 15.79515648  2.00419188 
-73.13841248  -7.17284298  13.78337955 -69.12351227   9.98212528   7.34596443 
-69.12351227   9.98212528   7.34596443 -49.82668554  -1.36347793   8.77750529 
-38.26104446  16.15148262  58.67156794 -16.93949601   8.66756481  59.59949573 
-20.51173918 -26.12259306  25.09089711 -26.73763512 -28.24551418  31.98146115 
-20.51173918 -26.12259306  25.09089711 -13.8462131  -28.13802893  35.28621545 
-26.73763512 -28.24551418  31.98146115 -13.8462131  -28.13802893  35.28621545 
-56.46094682 -13.3348197   14.64339157 -73.57649231 -18.25897789  20.49430275 
-73.57649231 -18.25897789  20.49430275 -61.16073229 -21.71450368  21.06300908 
-78.94703674 -30.36717033  40.40554428 -84.57084656 -28.31038857  34.25987244 
-84.56616974 -29.42698097  39.18497086 -84.57084656 -28.31038857  34.25987244 
36.25100813 35.87285347 11.27953253 26.67277127 40.87140591 16.81570984 
36.25100813 35.87285347 11.27953253 25.33239424 36.22996068  9.99236658 
 28.08245148 -35.97204575  31.10036056  32.17741192 -35.70178717  39.32870821 
-81.61213684  59.93383026  30.47949028 -87.08591461  58.35923004  30.3278389  
-34.1040967  -23.65905173  21.76706096 -34.20881458 -13.32245767  13.00918002 
-41.20653915  66.99453735  22.72109795 -43.52526474  66.91786957  22.18330574 
-41.20653915  66.99453735  22.72109795 -34.56987     62.76825333  21.32886124 
-43.52526474  66.91786957  22.18330574 -34.56987     62.76825333  21.32886124 
 17.78432731 -28.69509362  17.2148292    6.12604031 -30.69438227  24.54760359 
  6.12604031 -30.69438227  24.54760359   2.9180711  -24.14264087  15.72126357 
62.89495662 38.09563479 33.01942617 73.52845001 37.76711655 24.10019493 
36.91554868 39.75328492 34.68050115 28.64202702 42.24761993 25.78015443 
36.91554868 39.75328492 34.68050115 20.62483979 42.61035459 30.82673642 
-42.51775742  57.58180237  14.47052383 -55.08615494  62.81837845  17.86679077 
 77.29486084 -26.0827198    6.08120727  76.19677734 -31.98924255   8.99616718 
48.37081702 -4.09403964 64.12408667 54.12262325  9.99919253 62.77270679 
19.01825924 14.73738183 -0.29544807 32.54075892 20.45847975  1.73167897 
32.54075892 20.45847975  1.73167897 43.02161715  9.06419453  0.16425632 
45.71482804 -7.28955798  0.81715754  47.21118572 -22.09807798   5.78337653 
45.71482804 -7.28955798  0.81715754  66.96717834 -16.79991341   2.49234533 
 47.21118572 -22.09807798   5.78337653  66.96717834 -16.79991341   2.49234533 
-61.06603613 -31.80362711  41.38569699 -53.18014736 -31.49441157  43.18376328 
-56.58953466 -30.74528812  32.39813174 -53.18014736 -31.49441157  43.18376328 
 38.69568967 -25.22819208  54.90119408  42.90040124 -15.32444149  60.95402897 
-78.4309082   34.25166702  44.92539597 -57.42279053  28.62210655  53.44730377 
-6.21509719 44.53393809 50.68283094  1.71545353 41.42771547 45.73548023 
54.12262325  9.99919253 62.77270679 68.5090332  12.44264698 64.46784973 
20.77545695 32.29286822 47.28440759  4.60397135 34.3865995  49.42901326 
20.77545695 32.29286822 47.28440759 12.09377926 38.55057844 43.05340672 
-90.91280365  40.84430313  42.16303635 -79.85163116  57.28097916  38.99983978 
-90.91280365  40.84430313  42.16303635 -78.21138763  56.5499115   41.73003387 
-79.85163116  57.28097916  38.99983978 -78.21138763  56.5499115   41.73003387 
-37.13085425 -19.36277278  57.13874964 -45.87499595 -21.95721424  57.00674454 
-37.13085425 -19.36277278  57.13874964 -38.2979004 -26.782865   50.1233186 
-89.01971436  26.30077171  11.57671833 -88.09043884  16.00896454  11.15332603 
-91.70955658  50.67877579  37.85050201 -79.85163116  57.28097916  38.99983978 
-79.85163116  57.28097916  38.99983978 -80.909729    57.67315674  37.47628021 
75.81597137  3.32986808 69.62903595 74.60063171 -4.76444197 70.35106659 
-13.95936499 -21.86553295  47.72216512 -19.0072399  -11.73503613  56.17255207 
72.29938507 31.5267601  11.29282665 60.25297644 34.53574642 13.76732749 
 18.91234593 -34.13571475  27.56790368   6.12604031 -30.69438227  24.54760359 
 10.27535159 -32.1103701   35.71453113   6.12604031 -30.69438227  24.54760359 
 39.62865463 -38.65058624  31.4238049   32.17741192 -35.70178717  39.32870821 
74.70069885 23.54319572  5.64984369 83.6236496  15.96664524  2.43745375 
74.70069885 23.54319572  5.64984369 84.15332031 21.03688049  4.56137609 
83.6236496  15.96664524  2.43745375 84.15332031 21.03688049  4.56137609 
-76.17076111 -25.63544083  27.54458237 -73.57649231 -18.25897789  20.49430275 
-73.13841248  -7.17284298  13.78337955 -73.57649231 -18.25897789  20.49430275 
-85.69226837 -12.80730629  20.50184441 -73.57649231 -18.25897789  20.49430275 
-82.19165802  58.59752655  34.28623199 -81.61213684  59.93383026  30.47949028 
-38.0825986  -29.10767142  30.33534375 -34.1040967  -23.65905173  21.76706096 
-34.1040967  -23.65905173  21.76706096 -26.73763512 -28.24551418  31.98146115 
-55.08615494  62.81837845  17.86679077 -57.76495718  48.90293489   9.06046895 
-56.58953466 -30.74528812  32.39813174 -47.41367419 -30.97507723  35.04208874 
-53.18014736 -31.49441157  43.18376328 -47.41367419 -30.97507723  35.04208874 
-8.32417698 49.80863372 26.01658956 -14.26385212  57.24561691  33.50786591 
 73.59555054 -11.83927631  70.26727295  60.30276108 -16.62035561  65.65434265 
 73.59555054 -11.83927631  70.26727295 62.63690186 -3.78686261 67.60491943 
 38.69568967 -25.22819208  54.90119408  34.78314056 -31.5460978   47.40166288 
79.90424347 24.495718   57.55595398 81.39537811 30.44966888 50.49446487 
-78.4309082   34.25166702  44.92539597 -73.93131256  55.50745773  46.26538467 
-78.4309082   34.25166702  44.92539597 -78.21138763  56.5499115   41.73003387 
-73.93131256  55.50745773  46.26538467 -78.21138763  56.5499115   41.73003387 
-58.57368088  52.91585541  59.10124207 -49.98581696  49.89195251  62.9601593  
 62.05746841 -44.23736572  32.20186234  60.72734451 -41.25531387  20.52256775 
-10.50107038  44.59262963  16.22198033 -26.93634121  49.44285967  14.04901047 
-20.51465797  56.97941971  25.01695251 -26.93634121  49.44285967  14.04901047 
58.96946367 26.60545833  6.66002872 60.25297644 34.53574642 13.76732749 
-61.78162615  30.39884875   4.86393478 -43.66229853  16.25462645   5.53181921 
-43.66229853  16.25462645   5.53181921 -69.12351227   9.98212528   7.34596443 
 71.54478455 -30.21062469  63.88160706  71.0194397  -37.27542877  58.44026566 
 71.54478455 -30.21062469  63.88160706  55.26391983 -28.00823212  59.18432236 
 71.0194397  -37.27542877  58.44026566  55.26391983 -28.00823212  59.18432236 
-58.14841043 -27.94169926  51.80548955 -53.18014736 -31.49441157  43.18376328 
 38.69568967 -25.22819208  54.90119408  22.18211004 -23.82296285  50.76517974 
 38.69568967 -25.22819208  54.90119408  24.91773383 -13.19218979  56.79905418 
-61.78162615  30.39884875   4.86393478 -38.18270634  37.03711558   7.36771106 
-43.66229853  16.25462645   5.53181921 -38.18270634  37.03711558   7.36771106 
-29.34451866  38.92721176  64.20722198 -24.40332337  23.43009991  61.79275449 
 73.59555054 -11.83927631  70.26727295 74.60063171 -4.76444197 70.35106659 
-61.78162615  30.39884875   4.86393478 -57.76495718  48.90293489   9.06046895 
 51.48191677 -41.02591272  36.85791737  39.62865463 -38.65058624  31.4238049  
 51.48191677 -41.02591272  36.85791737  42.7135119  -37.29969707  42.16735261 
 39.62865463 -38.65058624  31.4238049   42.7135119  -37.29969707  42.16735261 
68.55570984  4.6998024  67.34333801 68.5090332  12.44264698 64.46784973 
-51.23292923  52.51151657  62.73988724 -50.84875107  52.52370453  62.83031845 
-51.23292923  52.51151657  62.73988724 -49.98581696  49.89195251  62.9601593  
-52.53818893  66.10138702  21.61904144 -58.44597626  65.24546051  22.25082588 
-52.53818893  66.10138702  21.61904144 -55.08615494  62.81837845  17.86679077 
-58.44597626  65.24546051  22.25082588 -55.08615494  62.81837845  17.86679077 
-78.4309082   34.25166702  44.92539597 -66.34229279  54.18878555  52.71502304 
-73.93131256  55.50745773  46.26538467 -66.34229279  54.18878555  52.71502304 
-25.65512276  56.56845856  59.0634079  -15.52342987  51.37206268  55.23526764 
66.1243515   0.42636293 -0.13333356  66.96717834 -16.79991341   2.49234533 
66.1243515   0.42636293 -0.13333356  8.02695618e+01 -8.96836758e+00  8.02621767e-02 
-39.19303513  67.02429962  23.29820061 -39.17603683  67.02378845  23.30539322 
 51.48191677 -41.02591272  36.85791737  48.7392549  -39.84707566  25.0814393  
 62.05746841 -44.23736572  32.20186234  48.7392549  -39.84707566  25.0814393  
83.6236496  15.96664524  2.43745375 65.07074738 15.79515648  2.00419188 
83.6236496  15.96664524  2.43745375 82.77765656  8.77802372  0.39859447 
65.07074738 15.79515648  2.00419188 82.77765656  8.77802372  0.39859447 
 79.32428741 -14.56495571   1.55826974  78.38263702 -20.01529312   3.57511258 
 66.96717834 -16.79991341   2.49234533  78.38263702 -20.01529312   3.57511258 
-23.92725945  64.80258179  34.9969101  -30.43778992  65.99863434  29.26401138 
39.8865201  40.4702317  21.58311616 36.91554868 39.75328492 34.68050115 
-10.50107038  44.59262963  16.22198033  0.48317975 44.8616581  21.14084636 
-10.50107038  44.59262963  16.22198033  4.31034569 41.11466289 14.42822258 
-43.66229853  16.25462645   5.53181921 -20.26990679  20.43418217   3.67543656 
-51.52843235 -26.52677894  53.39574535 -58.14841043 -27.94169926  51.80548955 
48.37081702 -4.09403964 64.12408667 31.02433799 -3.36112245 59.99415276 
48.37081702 -4.09403964 64.12408667  42.90040124 -15.32444149  60.95402897 
31.02433799 -3.36112245 59.99415276  42.90040124 -15.32444149  60.95402897 
 47.21118572 -22.09807798   5.78337653  27.37955752 -13.83070339   3.80118924 
 71.31311035 -46.53054047  40.30311203  62.05746841 -44.23736572  32.20186234 
 71.31311035 -46.53054047  40.30311203  71.94353485 -46.86613846  32.87178802 
53.35860375 34.98632622 41.97938452 48.97234099 24.92461765 54.11244131 
-72.3019104   62.76244736  25.09609795 -65.70882416  64.02232361  23.50768471 
-72.3019104   62.76244736  25.09609795 -69.24468231  58.03619766  15.09187031 
-42.91195679  53.05185318  63.87618256 -41.99301147  45.24077606  64.42044067 
-29.79984116 -23.60921633  51.04064411 -31.71090791 -28.77392249  41.06169888 
-29.79984116 -23.60921633  51.04064411 -38.2979004 -26.782865   50.1233186 
 52.16345978 -36.78401947  48.66963196  71.0194397  -37.27542877  58.44026566 
-82.19165802  58.59752655  34.28623199 -80.909729    57.67315674  37.47628021 
-6.21509719 44.53393809 50.68283094 -4.99881307 49.88439345 44.06978312 
 48.7392549  -39.84707566  25.0814393   60.72734451 -41.25531387  20.52256775 
-9.46675586 -5.01080283 56.58143755 -19.0072399  -11.73503613  56.17255207 
 -4.65867845 -16.6446815   51.48664974 -19.0072399  -11.73503613  56.17255207 
66.1243515   0.42636293 -0.13333356 81.79116058  1.18228197 -0.8308419  
81.79116058  1.18228197 -0.8308419   8.02695618e+01 -8.96836758e+00  8.02621767e-02 
-43.94299858 -11.41122292  59.96488655 -37.13085425 -19.36277278  57.13874964 
-16.23838098  35.11798053   8.05361609 -0.48507145 23.42880065  2.76616599 
84.96588898 34.56307602 17.07540321 84.70847321 27.61226082  8.84441757 
72.29938507 31.5267601  11.29282665 84.70847321 27.61226082  8.84441757 
 -9.63142772 -15.81636612  11.54366346  -8.31446408 -26.09284094  22.60356003 
-52.53818893  66.10138702  21.61904144 -48.43665695  66.62231445  21.42743111 
-90.17389679  32.29277039  43.52936935 -78.21138763  56.5499115   41.73003387 
15.23353219 26.68869955  3.34296498 19.01825924 14.73738183 -0.29544807 
51.27565038 38.59184744 20.2168781  48.31570917 34.3344798  11.86293183 
51.27565038 38.59184744 20.2168781  39.8865201  40.4702317  21.58311616 
48.37081702 -4.09403964 64.12408667 39.54506182  5.22548123 61.48023399 
 64.85317993 -32.88824463   9.483428    47.21118572 -22.09807798   5.78337653 
 47.21118572 -22.09807798   5.78337653  47.36658048 -33.49556666  14.21033168 
-6.21509719 44.53393809 50.68283094 -12.82507896  55.01276779  48.77521515 
-64.20596484 -27.23161861  27.34432389 -49.43752235 -26.67314445  25.00361637 
48.31570917 34.3344798  11.86293183 60.25297644 34.53574642 13.76732749 
74.70069885 23.54319572  5.64984369 84.70847321 27.61226082  8.84441757 
84.70847321 27.61226082  8.84441757 84.15332031 21.03688049  4.56137609 
11.02487405 43.54202108 35.53661027 20.62483979 42.61035459 30.82673642 
 6.13292071 45.50262862 28.06939666 20.62483979 42.61035459 30.82673642 
 73.59555054 -11.83927631  70.26727295  72.60315704 -20.2377491   67.97048187 
35.52247529 15.43346715 58.07524089 29.03322802 24.75366857 52.88984863 
35.52247529 15.43346715 58.07524089 48.97234099 24.92461765 54.11244131 
-78.4309082   34.25166702  44.92539597 -89.43445587  24.1275959   43.84037399 
-89.94075775  29.68762779  43.5303154  -89.43445587  24.1275959   43.84037399 
-5.33575806 17.62879556 57.11071925  8.88517415  1.79165997 57.03206463 
 8.88517415  1.79165997 57.03206463 15.03159212 16.84810512 55.85610652 
31.02433799 -3.36112245 59.99415276  24.91773383 -13.19218979  56.79905418 
 42.90040124 -15.32444149  60.95402897  24.91773383 -13.19218979  56.79905418 
66.1243515   0.42636293 -0.13333356 82.77765656  8.77802372  0.39859447 
82.77765656  8.77802372  0.39859447 81.79116058  1.18228197 -0.8308419  
-91.85884857  55.97459793  21.06181335 -91.49240112  52.82414627  16.6926918  
-87.27480316  57.82688522  22.49188614 -91.49240112  52.82414627  16.6926918  
-82.35753632  56.8635788   17.43144608 -72.3019104   62.76244736  25.09609795 
-79.08835602  61.1097641   27.79588127 -72.3019104   62.76244736  25.09609795 
-20.2322197   63.63031387  39.72713852 -23.92725945  64.80258179  34.9969101  
-20.2322197   63.63031387  39.72713852 -14.26385212  57.24561691  33.50786591 
78.13369751 16.17376137 64.28314209 79.90424347 24.495718   57.55595398 
 0.48317975 44.8616581  21.14084636  6.13292071 45.50262862 28.06939666 
 6.13292071 45.50262862 28.06939666 14.94265604 43.36705252 20.46105582 
 30.87330129 -25.7989483   10.97732507  47.21118572 -22.09807798   5.78337653 
23.49656614  0.61542887 -0.24657544 0.66011503 8.7875018  0.58289135 
50.10921909 39.30107197 30.54326139 36.91554868 39.75328492 34.68050115 
 -4.67636566 -25.51920079  43.61351487   7.49879414 -25.55087456  45.86011731 
24.81045815  7.26976827 58.84237586  8.88517415  1.79165997 57.03206463 
31.02433799 -3.36112245 59.99415276  8.88517415  1.79165997 57.03206463 
 4.31034569 41.11466289 14.42822258  0.56058244 34.53213532  8.32172395 
84.96588898 34.56307602 17.07540321 73.52845001 37.76711655 24.10019493 
 48.7392549  -39.84707566  25.0814393   47.36658048 -33.49556666  14.21033168 
27.76207368 29.69673565  5.35605227 42.40030296 27.59497281  5.63185282 
 18.91234593 -34.13571475  27.56790368  17.78432731 -28.69509362  17.2148292  
36.25100813 35.87285347 11.27953253 27.76207368 29.69673565  5.35605227 
27.76207368 29.69673565  5.35605227 25.33239424 36.22996068  9.99236658 
-20.26990679  20.43418217   3.67543656 -0.48507145 23.42880065  2.76616599 
-85.23252106 -18.65571785  24.66337967 -73.57649231 -18.25897789  20.49430275 
-20.73661232  58.95385742  53.55316162 -25.65512276  56.56845856  59.0634079  
 0.48317975 44.8616581  21.14084636 -8.32417698 49.80863372 26.01658956 
-42.91195679  53.05185318  63.87618256 -35.14322662  54.10023117  63.30958557 
-90.91280365  40.84430313  42.16303635 -90.17389679  32.29277039  43.52936935 
50.10921909 39.30107197 30.54326139 39.8865201  40.4702317  21.58311616 
 70.88349915 -42.59362793  51.36500168  52.16345978 -36.78401947  48.66963196 
-51.23292923  52.51151657  62.73988724 -58.57368088  52.91585541  59.10124207 
-58.44597626  65.24546051  22.25082588 -65.70882416  64.02232361  23.50768471 
-88.64361572  14.61269379  46.2201767  -89.43445587  24.1275959   43.84037399 
 70.88349915 -42.59362793  51.36500168  71.0194397  -37.27542877  58.44026566 
 77.29486084 -26.0827198    6.08120727  78.38263702 -20.01529312   3.57511258 
 -8.31446408 -26.09284094  22.60356003   2.9180711  -24.14264087  15.72126357 
24.35485312 38.41289322 39.59701483 20.62483979 42.61035459 30.82673642 
-88.11156464   8.81626606  47.66508484 -88.64361572  14.61269379  46.2201767  
-90.91280365  40.84430313  42.16303635 -91.70955658  50.67877579  37.85050201 
-85.69226837 -12.80730629  20.50184441 -85.23252106 -18.65571785  24.66337967 
84.96588898 34.56307602 17.07540321 84.52639771 37.48832703 26.47070503 
-33.74898787  -1.44104715  60.65938114 -19.0072399  -11.73503613  56.17255207 
-56.58953466 -30.74528812  32.39813174 -49.43752235 -26.67314445  25.00361637 
-82.35753632  56.8635788   17.43144608 -91.49240112  52.82414627  16.6926918  
-91.09040833  48.89149857  14.10543919 -91.49240112  52.82414627  16.6926918  
 8.88517415  1.79165997 57.03206463  24.91773383 -13.19218979  56.79905418 
