radius = 2
-9.31923485 53.47000122 41.65486908 -5.84964275 50.05953598 33.4673996  
-9.31923485 53.47000122 41.65486908 -3.81116966 48.39975627 42.08906585 
-5.84964275 50.05953598 33.4673996  -3.81116966 48.39975627 42.08906585 
 2.44392558 45.80334927 35.99978764 -5.84964275 50.05953598 33.4673996  
 2.44392558 45.80334927 35.99978764 -3.81116966 48.39975627 42.08906585 
-83.7407608  -24.09869194  49.77709198 -83.93326569 -26.64256287  47.30562592 
-83.7407608  -24.09869194  49.77709198 -77.27192688 -24.34784889  51.86507034 
-83.93326569 -26.64256287  47.30562592 -77.27192688 -24.34784889  51.86507034 
-87.30638885  44.38011551  40.53565979 -76.71709442  56.82603455  41.58974075 
-87.30638885  44.38011551  40.53565979 -81.42494202  54.76767731  36.89404297 
-76.71709442  56.82603455  41.58974075 -81.42494202  54.76767731  36.89404297 
-80.49247742  59.0743866   31.47571945 -88.76461792  56.30541992  31.67387009 
-80.49247742  59.0743866   31.47571945 -88.44667816  54.72633743  33.92871475 
-88.76461792  56.30541992  31.67387009 -88.44667816  54.72633743  33.92871475 
-60.13441824 -30.17493508  33.95688119 -66.64022064 -27.98835945  30.05928802 
-60.13441824 -30.17493508  33.95688119 -73.30484009 -29.60900116  36.11582947 
-66.64022064 -27.98835945  30.05928802 -73.30484009 -29.60900116  36.11582947 
-17.49535211 -26.78958161  32.62740662 -23.85636336 -24.74435688  24.40491388 
-17.49535211 -26.78958161  32.62740662 -10.84058142 -25.89907439  25.17223162 
-23.85636336 -24.74435688  24.40491388 -10.84058142 -25.89907439  25.17223162 
-5.84964275 50.05953598 33.4673996  -12.13672733  51.31998825  26.88870621 
-5.84964275 50.05953598 33.4673996  -22.05267143  63.79382706  40.68712234 
-12.13672733  51.31998825  26.88870621 -22.05267143  63.79382706  40.68712234 
58.63351059 27.44040489  8.47715759 56.24848938 32.68717194 12.62737274 
58.63351059 27.44040489  8.47715759 76.89801788 33.30942154 15.91725254 
56.24848938 32.68717194 12.62737274 76.89801788 33.30942154 15.91725254 
-17.49535211 -26.78958161  32.62740662 -16.51635686 -24.62214393  41.72774979 
-17.49535211 -26.78958161  32.62740662  -6.96240112 -27.14280243  37.357075   
-16.51635686 -24.62214393  41.72774979  -6.96240112 -27.14280243  37.357075   
-43.56253561 -11.74822907  58.78975257 -31.66869276  -6.57307892  59.98638759 
-43.56253561 -11.74822907  58.78975257 -48.2904499   -1.01336386  57.28475714 
-31.66869276  -6.57307892  59.98638759 -48.2904499   -1.01336386  57.28475714 
 14.62362558 -31.96133165  28.62525125  13.54268772 -24.71299052  15.5485017  
 14.62362558 -31.96133165  28.62525125   6.35117681 -27.69683447  21.62618387 
 13.54268772 -24.71299052  15.5485017    6.35117681 -27.69683447  21.62618387 
 24.69420807 -33.52684761  25.76909616  14.62362558 -31.96133165  28.62525125 
 24.69420807 -33.52684761  25.76909616  26.06714774 -28.83158094  17.28056924 
 14.62362558 -31.96133165  28.62525125  26.06714774 -28.83158094  17.28056924 
-77.56645203 -28.59286499  45.76350021 -77.27192688 -24.34784889  51.86507034 
-77.56645203 -28.59286499  45.76350021 -72.1247168  -27.51718699  49.5009374  
-77.27192688 -24.34784889  51.86507034 -72.1247168  -27.51718699  49.5009374  
21.53368215 41.48289257 32.64927349 26.1637937  41.35379333 23.01506857 
21.53368215 41.48289257 32.64927349 36.27232385 40.31533658 30.08697719 
26.1637937  41.35379333 23.01506857 36.27232385 40.31533658 30.08697719 
-83.7407608  -24.09869194  49.77709198 -83.66464233 -19.21728516  51.96563721 
-77.27192688 -24.34784889  51.86507034 -83.66464233 -19.21728516  51.96563721 
-36.20014474 -24.91720175  24.02259627 -49.10038085 -21.11866103  21.02102011 
-36.20014474 -24.91720175  24.02259627 -39.09739203 -29.08794069  33.97536985 
-49.10038085 -21.11866103  21.02102011 -39.09739203 -29.08794069  33.97536985 
-52.20716315 -19.85271164  57.29662625 -56.2732112  -27.18077143  51.12292153 
-52.20716315 -19.85271164  57.29662625 -45.41286598 -24.3754336   53.77890248 
-56.2732112  -27.18077143  51.12292153 -45.41286598 -24.3754336   53.77890248 
-28.18683746  -0.27506447   7.07794244 -41.44338672  -2.57733609   9.40619415 
-28.18683746  -0.27506447   7.07794244 -38.26077858 -11.21944405  12.87988517 
-41.44338672  -2.57733609   9.40619415 -38.26077858 -11.21944405  12.87988517 
-11.41996288  53.13299942  47.26074219 -9.31923485 53.47000122 41.65486908 
-11.41996288  53.13299942  47.26074219 -3.81116966 48.39975627 42.08906585 
-9.77018881 -3.25776287  5.62191866 -28.18683746  -0.27506447   7.07794244 
-9.77018881 -3.25776287  5.62191866 -20.65559022  13.82704805   4.22520834 
-28.18683746  -0.27506447   7.07794244 -20.65559022  13.82704805   4.22520834 
-11.41996288  53.13299942  47.26074219 -21.41743088  63.06837845  43.69135284 
-11.41996288  53.13299942  47.26074219 -23.50694847  60.52433014  52.24227142 
-21.41743088  63.06837845  43.69135284 -23.50694847  60.52433014  52.24227142 
12.44527567 11.93940675 55.2951901   6.28273491 -2.0809514  55.44174631 
12.44527567 11.93940675 55.2951901  -8.95284753 10.29004461 56.95731552 
 6.28273491 -2.0809514  55.44174631 -8.95284753 10.29004461 56.95731552 
-28.64254563  43.4109432   11.86558854 -26.93964958  58.07387161  22.99368477 
-28.64254563  43.4109432   11.86558854 -34.72221375  56.45859146  17.16631508 
-26.93964958  58.07387161  22.99368477 -34.72221375  56.45859146  17.16631508 
 68.28831482 -40.21114731  17.56285667  59.21024323 -38.36808395  17.84178162 
 68.28831482 -40.21114731  17.56285667  68.79567719 -37.87353134  14.16337967 
 59.21024323 -38.36808395  17.84178162  68.79567719 -37.87353134  14.16337967 
61.25183105  7.61405134  1.4461062  75.60346985 14.25387669  2.87672687 
61.25183105  7.61405134  1.4461062  73.91114807 -1.6370393   0.62214053 
75.60346985 14.25387669  2.87672687 73.91114807 -1.6370393   0.62214053 
-71.21477509 -16.04189301  55.56867599 -61.4518647  -17.70667099  57.00002453 
-71.21477509 -16.04189301  55.56867599 -71.65842438 -23.07230759  53.99272156 
-61.4518647  -17.70667099  57.00002453 -71.65842438 -23.07230759  53.99272156 
 6.60943402 44.57277323 29.32799104  2.44392558 45.80334927 35.99978764 
 6.60943402 44.57277323 29.32799104 11.53537838 40.23635424 38.63122294 
 2.44392558 45.80334927 35.99978764 11.53537838 40.23635424 38.63122294 
12.44527567 11.93940675 55.2951901  25.1612874  -1.04258796 57.96361337 
 6.28273491 -2.0809514  55.44174631 25.1612874  -1.04258796 57.96361337 
-44.17416291  48.39022648  10.91351223 -53.57222366  58.02444077  14.57211971 
-44.17416291  48.39022648  10.91351223 -34.72221375  56.45859146  17.16631508 
-53.57222366  58.02444077  14.57211971 -34.72221375  56.45859146  17.16631508 
 -2.51132808 -22.35524192  46.2129827    6.70120385 -15.25681495  51.21511252 
 -2.51132808 -22.35524192  46.2129827   14.99085688 -25.9409484   45.6477601  
  6.70120385 -15.25681495  51.21511252  14.99085688 -25.9409484   45.6477601  
-62.15679932  15.26435184   6.8445034  -89.28177643  14.42720032  13.95790386 
-62.15679932  15.26435184   6.8445034  -78.38806915  24.09362221   8.17481518 
-89.28177643  14.42720032  13.95790386 -78.38806915  24.09362221   8.17481518 
 4.14652956 35.67197519 48.1307232   7.81219294 26.15088881 51.14811488 
 4.14652956 35.67197519 48.1307232  -6.38690692 37.29417302 52.53885488 
 7.81219294 26.15088881 51.14811488 -6.38690692 37.29417302 52.53885488 
 -2.51132808 -22.35524192  46.2129827   -8.83495593 -13.82632592  51.86408501 
 -2.51132808 -22.35524192  46.2129827  -17.26324669 -19.87735764  49.3917915  
 -8.83495593 -13.82632592  51.86408501 -17.26324669 -19.87735764  49.3917915  
-11.41996288  53.13299942  47.26074219 -5.81678498 44.07164545 48.923482   
-11.41996288  53.13299942  47.26074219 -13.52133656  50.89694595  52.54511642 
-5.81678498 44.07164545 48.923482   -13.52133656  50.89694595  52.54511642 
-60.36380392  30.04054821   6.28859865 -43.03973815  21.67372114   6.26505874 
-60.36380392  30.04054821   6.28859865 -44.38275799  36.21555782   7.78907941 
-43.03973815  21.67372114   6.26505874 -44.38275799  36.21555782   7.78907941 
31.40822582 36.95254341 38.57377628 36.27232385 40.31533658 30.08697719 
31.40822582 36.95254341 38.57377628 43.22939408 35.77486475 38.8086655  
36.27232385 40.31533658 30.08697719 43.22939408 35.77486475 38.8086655  
41.05389929 -1.28044934 60.99278743  37.9435371  -12.00223221  59.43606853 
41.05389929 -1.28044934 60.99278743 25.1612874  -1.04258796 57.96361337 
 37.9435371  -12.00223221  59.43606853 25.1612874  -1.04258796 57.96361337 
 51.98680115 -23.10970306  59.77358627  67.30767059 -19.72952652  65.48761749 
 51.98680115 -23.10970306  59.77358627  52.84108734 -10.44203186  63.64406586 
 67.30767059 -19.72952652  65.48761749  52.84108734 -10.44203186  63.64406586 
-53.21370316  39.14768219  58.75564575 -57.37187289  22.06562339  51.20218972 
-53.21370316  39.14768219  58.75564575 -68.94013977  32.32438278  47.04044342 
-57.37187289  22.06562339  51.20218972 -68.94013977  32.32438278  47.04044342 
21.53368215 41.48289257 32.64927349 31.40822582 36.95254341 38.57377628 
-43.03973815  21.67372114   6.26505874 -29.16094442  28.90371365   7.0188296  
-29.16094442  28.90371365   7.0188296  -44.38275799  36.21555782   7.78907941 
-77.56645203 -28.59286499  45.76350021 -83.93326569 -26.64256287  47.30562592 
-77.56645203 -28.59286499  45.76350021 -84.28007507 -27.87221336  43.90811157 
-83.93326569 -26.64256287  47.30562592 -84.28007507 -27.87221336  43.90811157 
-36.45199991 -26.0257148   47.84198805 -45.41286598 -24.3754336   53.77890248 
-36.45199991 -26.0257148   47.84198805 -43.86343493 -28.95522221  43.56656736 
-45.41286598 -24.3754336   53.77890248 -43.86343493 -28.95522221  43.56656736 
51.24888136 38.96559678 27.52073809 61.73446655 36.10474014 18.45000839 
51.24888136 38.96559678 27.52073809 46.98776551 36.60101587 16.59906685 
61.73446655 36.10474014 18.45000839 46.98776551 36.60101587 16.59906685 
-90.31181335  52.32692719  17.01489258 -77.01406097  58.47807693  19.68233681 
-90.31181335  52.32692719  17.01489258 -90.05193329  54.90315247  20.07413483 
-77.01406097  58.47807693  19.68233681 -90.05193329  54.90315247  20.07413483 
-76.6111145   60.64064407  27.38391685 -77.01406097  58.47807693  19.68233681 
-76.6111145   60.64064407  27.38391685 -62.81858826  63.45969772  23.18774986 
-77.01406097  58.47807693  19.68233681 -62.81858826  63.45969772  23.18774986 
-51.10089258 -30.71861752  37.21711513 -48.50620236 -28.40402635  29.60701742 
-51.10089258 -30.71861752  37.21711513 -39.09739203 -29.08794069  33.97536985 
-48.50620236 -28.40402635  29.60701742 -39.09739203 -29.08794069  33.97536985 
-84.11071777  -7.0911355   51.94660187 -64.43499756 -10.81826115  56.27151489 
-84.11071777  -7.0911355   51.94660187 -65.32318115   2.80269289  50.31106186 
-64.43499756 -10.81826115  56.27151489 -65.32318115   2.80269289  50.31106186 
-85.40926361 -26.99503136  34.38788986 -73.30484009 -29.60900116  36.11582947 
-85.40926361 -26.99503136  34.38788986 -84.76483917 -28.37627602  39.55477524 
-73.30484009 -29.60900116  36.11582947 -84.76483917 -28.37627602  39.55477524 
12.44527567 11.93940675 55.2951901  36.20579322 10.20264953 58.11665985 
36.20579322 10.20264953 58.11665985 25.1612874  -1.04258796 57.96361337 
-11.59423024  30.70513256   7.10451359 -28.64254563  43.4109432   11.86558854 
-11.59423024  30.70513256   7.10451359 -13.69401721  44.42132324  15.82458806 
-28.64254563  43.4109432   11.86558854 -13.69401721  44.42132324  15.82458806 
40.3921757  -7.44209822  2.30307019 23.92078996 -9.39705839  3.42942731 
40.3921757  -7.44209822  2.30307019  40.9576975  -17.19312941   5.007553   
23.92078996 -9.39705839  3.42942731  40.9576975  -17.19312941   5.007553   
-14.19136881  -2.02111482  57.27353253  6.28273491 -2.0809514  55.44174631 
-14.19136881  -2.02111482  57.27353253 -8.95284753 10.29004461 56.95731552 
-62.58132303 -24.25581725  54.23045018 -61.4518647  -17.70667099  57.00002453 
-62.58132303 -24.25581725  54.23045018 -71.65842438 -23.07230759  53.99272156 
-52.20716315 -19.85271164  57.29662625 -62.58132303 -24.25581725  54.23045018 
-56.2732112  -27.18077143  51.12292153 -62.58132303 -24.25581725  54.23045018 
-49.10038085 -21.11866103  21.02102011 -28.9765603  -17.95185881  17.23872    
-49.10038085 -21.11866103  21.02102011 -38.26077858 -11.21944405  12.87988517 
-28.9765603  -17.95185881  17.23872    -38.26077858 -11.21944405  12.87988517 
  6.66581859 -15.02307817   8.14368094  13.54268772 -24.71299052  15.5485017  
  6.66581859 -15.02307817   8.14368094  -1.59823867 -21.95617647  17.06389939 
 13.54268772 -24.71299052  15.5485017   -1.59823867 -21.95617647  17.06389939 
-34.91838074  37.13240051  63.43335342 -41.10990305  23.81421712  58.2684917  
-34.91838074  37.13240051  63.43335342 -22.40474684  24.76879106  59.95689035 
-41.10990305  23.81421712  58.2684917  -22.40474684  24.76879106  59.95689035 
-60.13441824 -30.17493508  33.95688119 -51.10089258 -30.71861752  37.21711513 
-60.13441824 -30.17493508  33.95688119 -48.50620236 -28.40402635  29.60701742 
-74.10627747  48.72452927  45.38816833 -62.97340393  55.18467331  54.00987244 
-74.10627747  48.72452927  45.38816833 -76.71709442  56.82603455  41.58974075 
-62.97340393  55.18467331  54.00987244 -76.71709442  56.82603455  41.58974075 
41.24330196 13.02316586  1.84228677 18.38530714 13.85575784  1.00935302 
41.24330196 13.02316586  1.84228677 31.25553734  2.69817061  0.99605374 
18.38530714 13.85575784  1.00935302 31.25553734  2.69817061  0.99605374 
-80.49247742  59.0743866   31.47571945 -76.6111145   60.64064407  27.38391685 
-80.49247742  59.0743866   31.47571945 -89.29230499  57.13271332  27.36462402 
-76.6111145   60.64064407  27.38391685 -89.29230499  57.13271332  27.36462402 
 51.98680115 -23.10970306  59.77358627  66.39846039 -30.47831345  60.58909988 
 51.98680115 -23.10970306  59.77358627  66.0612793  -36.66039658  54.95809555 
 66.39846039 -30.47831345  60.58909988  66.0612793  -36.66039658  54.95809555 
-3.65016434 44.71178704 21.72197238  3.97961528 36.96589824 11.74366913 
-3.65016434 44.71178704 21.72197238  5.51795459 42.77293486 19.71295353 
 3.97961528 36.96589824 11.74366913  5.51795459 42.77293486 19.71295353 
40.30256334 21.62653972 54.13507008 48.74991608 30.63559914 46.83689499 
40.30256334 21.62653972 54.13507008 57.36237335 15.26152515 59.73386002 
48.74991608 30.63559914 46.83689499 57.36237335 15.26152515 59.73386002 
-53.63593153 -10.41169988  58.17116157 -52.20716315 -19.85271164  57.29662625 
-53.63593153 -10.41169988  58.17116157 -61.4518647  -17.70667099  57.00002453 
-52.20716315 -19.85271164  57.29662625 -61.4518647  -17.70667099  57.00002453 
-52.6157257  -29.84899789  45.81583177 -45.41286598 -24.3754336   53.77890248 
-52.6157257  -29.84899789  45.81583177 -43.86343493 -28.95522221  43.56656736 
53.81019211  3.88940072 63.30343628 68.97216797 -3.9563539  67.67053223 
53.81019211  3.88940072 63.30343628 70.7658844   9.86347199 64.74663544 
68.97216797 -3.9563539  67.67053223 70.7658844   9.86347199 64.74663544 
 56.72016144 -22.83027649   6.01322889  41.39276738 -26.9205445   11.80007379 
 56.72016144 -22.83027649   6.01322889  56.27548981 -32.49336243  11.5721817  
 41.39276738 -26.9205445   11.80007379  56.27548981 -32.49336243  11.5721817  
18.73583884 31.72753436  7.25449837  9.20932397 25.91420778  4.7157977  
18.73583884 31.72753436  7.25449837 29.52846486 24.23089427  3.57387224 
 9.20932397 25.91420778  4.7157977  29.52846486 24.23089427  3.57387224 
 46.04026794 -30.15814209  52.20624924  51.98680115 -23.10970306  59.77358627 
 46.04026794 -30.15814209  52.20624924  66.0612793  -36.66039658  54.95809555 
45.40101843 22.35694214  4.27648792 57.58182526 21.14631653  4.77868986 
45.40101843 22.35694214  4.27648792 58.63351059 27.44040489  8.47715759 
57.58182526 21.14631653  4.77868986 58.63351059 27.44040489  8.47715759 
66.32055664 37.6632576  25.44695663 64.74422455 37.49726486 32.10519409 
66.32055664 37.6632576  25.44695663 51.24888136 38.96559678 27.52073809 
64.74422455 37.49726486 32.10519409 51.24888136 38.96559678 27.52073809 
-64.43499756 -10.81826115  56.27151489 -71.21477509 -16.04189301  55.56867599 
-64.43499756 -10.81826115  56.27151489 -61.4518647  -17.70667099  57.00002453 
-48.25882571  11.12665307  54.22581416 -30.60187362   8.81908434  59.19028129 
-48.25882571  11.12665307  54.22581416 -48.2904499   -1.01336386  57.28475714 
-30.60187362   8.81908434  59.19028129 -48.2904499   -1.01336386  57.28475714 
-36.45199991 -26.0257148   47.84198805 -39.09739203 -29.08794069  33.97536985 
-39.09739203 -29.08794069  33.97536985 -43.86343493 -28.95522221  43.56656736 
  6.66581859 -15.02307817   8.14368094 -9.77018881 -3.25776287  5.62191866 
  6.66581859 -15.02307817   8.14368094  7.11219683 -4.676689    3.43901993 
-9.77018881 -3.25776287  5.62191866  7.11219683 -4.676689    3.43901993 
 36.2219463  -36.09624686  37.21112372  34.80692135 -36.22171985  28.10689381 
 36.2219463  -36.09624686  37.21112372  27.27953436 -34.93275199  34.61599857 
 34.80692135 -36.22171985  28.10689381  27.27953436 -34.93275199  34.61599857 
-60.18754457  45.47083347   9.13887282 -44.17416291  48.39022648  10.91351223 
-60.18754457  45.47083347   9.13887282 -44.38275799  36.21555782   7.78907941 
-44.17416291  48.39022648  10.91351223 -44.38275799  36.21555782   7.78907941 
  6.35117681 -27.69683447  21.62618387  -1.59823867 -21.95617647  17.06389939 
 28.36287285 -31.05788269  43.25082797  36.2219463  -36.09624686  37.21112372 
 28.36287285 -31.05788269  43.25082797  42.71322632 -35.97388077  41.83723831 
 36.2219463  -36.09624686  37.21112372  42.71322632 -35.97388077  41.83723831 
 2.06539636 41.73877921 43.1668376  -5.81678498 44.07164545 48.923482   
 2.06539636 41.73877921 43.1668376  -3.81116966 48.39975627 42.08906585 
-5.81678498 44.07164545 48.923482   -3.81116966 48.39975627 42.08906585 
-89.28177643  14.42720032  13.95790386 -90.0405426   34.33110428  13.54178143 
-90.0405426   34.33110428  13.54178143 -78.38806915  24.09362221   8.17481518 
36.82851401 39.30037173 19.66024604 26.1637937  41.35379333 23.01506857 
36.82851401 39.30037173 19.66024604 22.39286506 38.14298851 13.29255036 
26.1637937  41.35379333 23.01506857 22.39286506 38.14298851 13.29255036 
-74.9046402   37.67526627   7.07740259 -60.36380392  30.04054821   6.28859865 
-74.9046402   37.67526627   7.07740259 -78.38806915  24.09362221   8.17481518 
-60.36380392  30.04054821   6.28859865 -78.38806915  24.09362221   8.17481518 
 51.98680115 -23.10970306  59.77358627  37.9435371  -12.00223221  59.43606853 
 37.9435371  -12.00223221  59.43606853  52.84108734 -10.44203186  63.64406586 
23.92078996 -9.39705839  3.42942731  25.44487016 -20.36820479   9.35591933 
 40.9576975  -17.19312941   5.007553    25.44487016 -20.36820479   9.35591933 
 14.99085688 -25.9409484   45.6477601   18.65877908 -32.14219297  37.71948548 
 14.99085688 -25.9409484   45.6477601   28.36287285 -31.05788269  43.25082797 
 18.65877908 -32.14219297  37.71948548  28.36287285 -31.05788269  43.25082797 
 4.14652956 35.67197519 48.1307232  15.30666776 33.24936456 46.30118445 
 7.81219294 26.15088881 51.14811488 15.30666776 33.24936456 46.30118445 
-74.10627747  48.72452927  45.38816833 -68.94013977  32.32438278  47.04044342 
-68.94013977  32.32438278  47.04044342 -62.97340393  55.18467331  54.00987244 
-28.9765603  -17.95185881  17.23872    -22.71521671  -9.98095277  10.4928879  
-22.71521671  -9.98095277  10.4928879  -38.26077858 -11.21944405  12.87988517 
66.32055664 37.6632576  25.44695663 76.79683685 35.91751862 21.64834404 
66.32055664 37.6632576  25.44695663 61.73446655 36.10474014 18.45000839 
76.79683685 35.91751862 21.64834404 61.73446655 36.10474014 18.45000839 
  6.66581859 -15.02307817   8.14368094  25.44487016 -20.36820479   9.35591933 
 13.54268772 -24.71299052  15.5485017   25.44487016 -20.36820479   9.35591933 
-3.65016434 44.71178704 21.72197238 -12.13672733  51.31998825  26.88870621 
-3.65016434 44.71178704 21.72197238 -13.69401721  44.42132324  15.82458806 
-12.13672733  51.31998825  26.88870621 -13.69401721  44.42132324  15.82458806 
-9.31923485 53.47000122 41.65486908 -22.05267143  63.79382706  40.68712234 
-1.46318714 18.5087096   2.673102    9.20932397 25.91420778  4.7157977  
-1.46318714 18.5087096   2.673102   18.38530714 13.85575784  1.00935302 
 9.20932397 25.91420778  4.7157977  18.38530714 13.85575784  1.00935302 
-11.81102562  32.53749236  56.48064954  7.81219294 26.15088881 51.14811488 
-11.81102562  32.53749236  56.48064954 -6.38690692 37.29417302 52.53885488 
 2.06539636 41.73877921 43.1668376   4.14652956 35.67197519 48.1307232  
 2.06539636 41.73877921 43.1668376  11.53537838 40.23635424 38.63122294 
 4.14652956 35.67197519 48.1307232  11.53537838 40.23635424 38.63122294 
-56.2732112  -27.18077143  51.12292153 -52.6157257  -29.84899789  45.81583177 
 14.99085688 -25.9409484   45.6477601   31.27742014 -26.88216784  49.98461784 
 28.36287285 -31.05788269  43.25082797  31.27742014 -26.88216784  49.98461784 
-28.07611773 -27.43484572  33.94991493 -17.49535211 -26.78958161  32.62740662 
-28.07611773 -27.43484572  33.94991493 -16.51635686 -24.62214393  41.72774979 
59.07082748 36.20465469 37.58437729 64.74422455 37.49726486 32.10519409 
59.07082748 36.20465469 37.58437729 74.91531372 32.91178513 43.6087532  
64.74422455 37.49726486 32.10519409 74.91531372 32.91178513 43.6087532  
 -2.51132808 -22.35524192  46.2129827  -16.51635686 -24.62214393  41.72774979 
-17.26324669 -19.87735764  49.3917915  -16.51635686 -24.62214393  41.72774979 
-43.56253561 -11.74822907  58.78975257 -45.41286598 -24.3754336   53.77890248 
-43.56253561 -11.74822907  58.78975257 -37.29141312 -18.0574726   56.64644169 
-45.41286598 -24.3754336   53.77890248 -37.29141312 -18.0574726   56.64644169 
61.25183105  7.61405134  1.4461062   58.17300797 -12.35084629   2.64167166 
 58.17300797 -12.35084629   2.64167166 73.91114807 -1.6370393   0.62214053 
 58.17300797 -12.35084629   2.64167166  72.50257874 -12.88258743   2.38048673 
 58.17300797 -12.35084629   2.64167166  56.72016144 -22.83027649   6.01322889 
 72.50257874 -12.88258743   2.38048673  56.72016144 -22.83027649   6.01322889 
 36.73162575 -33.515375    19.82506607  26.06714774 -28.83158094  17.28056924 
 36.73162575 -33.515375    19.82506607  41.39276738 -26.9205445   11.80007379 
 26.06714774 -28.83158094  17.28056924  41.39276738 -26.9205445   11.80007379 
40.3921757  -7.44209822  2.30307019 31.25553734  2.69817061  0.99605374 
23.92078996 -9.39705839  3.42942731 31.25553734  2.69817061  0.99605374 
-53.63593153 -10.41169988  58.17116157 -64.43499756 -10.81826115  56.27151489 
-53.63593153 -10.41169988  58.17116157 -48.2904499   -1.01336386  57.28475714 
-64.43499756 -10.81826115  56.27151489 -48.2904499   -1.01336386  57.28475714 
-84.11071777  -7.0911355   51.94660187 -85.54459381  13.22912788  45.94347382 
-85.54459381  13.22912788  45.94347382 -65.32318115   2.80269289  50.31106186 
  6.66581859 -15.02307817   8.14368094 -11.00709803 -14.6298346   11.98990339 
 -1.59823867 -21.95617647  17.06389939 -11.00709803 -14.6298346   11.98990339 
-52.20716315 -19.85271164  57.29662625 -43.56253561 -11.74822907  58.78975257 
 28.36287285 -31.05788269  43.25082797  27.27953436 -34.93275199  34.61599857 
-9.77018881 -3.25776287  5.62191866 0.88420556 6.77089673 1.5323017  
-20.65559022  13.82704805   4.22520834 0.88420556 6.77089673 1.5323017  
 31.27742014 -26.88216784  49.98461784  42.71322632 -35.97388077  41.83723831 
29.51047799 29.64342419 47.44948907 31.40822582 36.95254341 38.57377628 
29.51047799 29.64342419 47.44948907 21.94250878 36.36076595 41.42058957 
31.40822582 36.95254341 38.57377628 21.94250878 36.36076595 41.42058957 
 67.60708618 -42.7167511   23.17134285  59.21024323 -38.36808395  17.84178162 
 67.60708618 -42.7167511   23.17134285  56.54740524 -41.30226898  27.43380737 
 59.21024323 -38.36808395  17.84178162  56.54740524 -41.30226898  27.43380737 
-85.76652527 -25.62117386  31.74695587 -70.2552948  -18.11122322  21.00245476 
-85.76652527 -25.62117386  31.74695587 -87.40115356 -11.25312233  22.13131142 
-70.2552948  -18.11122322  21.00245476 -87.40115356 -11.25312233  22.13131142 
 72.50257874 -12.88258743   2.38048673 73.91114807 -1.6370393   0.62214053 
-53.63593153 -10.41169988  58.17116157 -43.56253561 -11.74822907  58.78975257 
-12.13672733  51.31998825  26.88870621 -27.58863258  65.10293579  33.24849319 
-12.13672733  51.31998825  26.88870621 -26.93964958  58.07387161  22.99368477 
-27.58863258  65.10293579  33.24849319 -26.93964958  58.07387161  22.99368477 
41.05389929 -1.28044934 60.99278743 36.20579322 10.20264953 58.11665985 
-57.37187289  22.06562339  51.20218972 -71.7467804   23.13993263  45.35346603 
-71.7467804   23.13993263  45.35346603 -68.94013977  32.32438278  47.04044342 
-18.33897209  47.36751175  58.02740479 -11.81102562  32.53749236  56.48064954 
-18.33897209  47.36751175  58.02740479 -6.38690692 37.29417302 52.53885488 
-65.32318115   2.80269289  50.31106186 -48.2904499   -1.01336386  57.28475714 
18.73583884 31.72753436  7.25449837 33.02271273 33.64444356 10.63258337 
18.73583884 31.72753436  7.25449837 22.39286506 38.14298851 13.29255036 
33.02271273 33.64444356 10.63258337 22.39286506 38.14298851 13.29255036 
59.07082748 36.20465469 37.58437729 73.1881485  24.68751335 54.7410965  
74.91531372 32.91178513 43.6087532  73.1881485  24.68751335 54.7410965  
16.50698889  1.7967699   0.9379242   7.11219683 -4.676689    3.43901993 
16.50698889  1.7967699   0.9379242  0.88420556 6.77089673 1.5323017  
 7.11219683 -4.676689    3.43901993 0.88420556 6.77089673 1.5323017  
61.25183105  7.61405134  1.4461062  57.58182526 21.14631653  4.77868986 
57.58182526 21.14631653  4.77868986 75.60346985 14.25387669  2.87672687 
-53.21370316  39.14768219  58.75564575 -41.10990305  23.81421712  58.2684917  
-57.37187289  22.06562339  51.20218972 -41.10990305  23.81421712  58.2684917  
-17.26324669 -19.87735764  49.3917915  -28.0044129  -25.43829647  43.80608853 
-16.51635686 -24.62214393  41.72774979 -28.0044129  -25.43829647  43.80608853 
-28.07611773 -27.43484572  33.94991493 -36.20014474 -24.91720175  24.02259627 
-28.07611773 -27.43484572  33.94991493 -23.85636336 -24.74435688  24.40491388 
-36.20014474 -24.91720175  24.02259627 -23.85636336 -24.74435688  24.40491388 
51.24888136 38.96559678 27.52073809 36.27232385 40.31533658 30.08697719 
51.24888136 38.96559678 27.52073809 43.22939408 35.77486475 38.8086655  
-85.76652527 -25.62117386  31.74695587 -66.64022064 -27.98835945  30.05928802 
-70.2552948  -18.11122322  21.00245476 -66.64022064 -27.98835945  30.05928802 
-11.59423024  30.70513256   7.10451359  3.97961528 36.96589824 11.74366913 
-11.59423024  30.70513256   7.10451359  9.20932397 25.91420778  4.7157977  
 3.97961528 36.96589824 11.74366913  9.20932397 25.91420778  4.7157977  
-33.36832809  57.0958519   60.51416779 -24.37026978  42.41466141  62.15872955 
-33.36832809  57.0958519   60.51416779 -31.78566551  48.66773224  62.79785156 
-24.37026978  42.41466141  62.15872955 -31.78566551  48.66773224  62.79785156 
-50.44328308  65.35729218  21.78861237 -53.57222366  58.02444077  14.57211971 
-50.44328308  65.35729218  21.78861237 -62.81858826  63.45969772  23.18774986 
-53.57222366  58.02444077  14.57211971 -62.81858826  63.45969772  23.18774986 
 24.69420807 -33.52684761  25.76909616  34.80692135 -36.22171985  28.10689381 
 24.69420807 -33.52684761  25.76909616  27.27953436 -34.93275199  34.61599857 
-31.66869276  -6.57307892  59.98638759 -28.20253897 -18.78673289  54.00730057 
-31.66869276  -6.57307892  59.98638759 -37.29141312 -18.0574726   56.64644169 
-28.20253897 -18.78673289  54.00730057 -37.29141312 -18.0574726   56.64644169 
-28.64254563  43.4109432   11.86558854 -44.17416291  48.39022648  10.91351223 
-80.49247742  59.0743866   31.47571945 -79.36247253  58.16724777  35.90172195 
-88.44667816  54.72633743  33.92871475 -79.36247253  58.16724777  35.90172195 
-62.15679932  15.26435184   6.8445034  -41.91774541   7.69637698   7.13014889 
-62.15679932  15.26435184   6.8445034  -54.47721853  -5.87626523  11.92375645 
-41.91774541   7.69637698   7.13014889 -54.47721853  -5.87626523  11.92375645 
-36.0846138   65.99524689  26.00783157 -26.93964958  58.07387161  22.99368477 
-36.0846138   65.99524689  26.00783157 -34.72221375  56.45859146  17.16631508 
 22.36639993 -14.8349551   54.0489972   6.28273491 -2.0809514  55.44174631 
 22.36639993 -14.8349551   54.0489972  25.1612874  -1.04258796 57.96361337 
36.82851401 39.30037173 19.66024604 51.24888136 38.96559678 27.52073809 
36.82851401 39.30037173 19.66024604 36.27232385 40.31533658 30.08697719 
73.1881485  24.68751335 54.7410965  48.74991608 30.63559914 46.83689499 
73.1881485  24.68751335 54.7410965  57.36237335 15.26152515 59.73386002 
-74.9046402   37.67526627   7.07740259 -90.42784882  47.39505768  14.45114422 
-74.9046402   37.67526627   7.07740259 -75.69166565  50.19119644  11.09119129 
-90.42784882  47.39505768  14.45114422 -75.69166565  50.19119644  11.09119129 
-30.60187362   8.81908434  59.19028129 -22.40474684  24.76879106  59.95689035 
-30.60187362   8.81908434  59.19028129 -8.95284753 10.29004461 56.95731552 
-22.40474684  24.76879106  59.95689035 -8.95284753 10.29004461 56.95731552 
 37.6275836  -21.40303026  55.97369436  22.36639993 -14.8349551   54.0489972  
 37.6275836  -21.40303026  55.97369436  31.27742014 -26.88216784  49.98461784 
 22.36639993 -14.8349551   54.0489972   31.27742014 -26.88216784  49.98461784 
40.3921757  -7.44209822  2.30307019 47.77381051  0.83949683  1.12546329 
47.77381051  0.83949683  1.12546329 31.25553734  2.69817061  0.99605374 
-71.7467804   23.13993263  45.35346603 -85.54459381  13.22912788  45.94347382 
-71.7467804   23.13993263  45.35346603 -65.32318115   2.80269289  50.31106186 
-85.76652527 -25.62117386  31.74695587 -85.40926361 -26.99503136  34.38788986 
-66.64022064 -27.98835945  30.05928802 -85.40926361 -26.99503136  34.38788986 
45.40101843 22.35694214  4.27648792 41.24330196 13.02316586  1.84228677 
45.40101843 22.35694214  4.27648792 29.52846486 24.23089427  3.57387224 
41.24330196 13.02316586  1.84228677 29.52846486 24.23089427  3.57387224 
-14.19136881  -2.02111482  57.27353253 -31.66869276  -6.57307892  59.98638759 
-14.19136881  -2.02111482  57.27353253 -20.66141678 -11.1804478   56.30817181 
-31.66869276  -6.57307892  59.98638759 -20.66141678 -11.1804478   56.30817181 
-77.56645203 -28.59286499  45.76350021 -73.31567383 -30.08810425  42.35659027 
-77.56645203 -28.59286499  45.76350021 -84.76483917 -28.37627602  39.55477524 
-73.31567383 -30.08810425  42.35659027 -84.76483917 -28.37627602  39.55477524 
29.52846486 24.23089427  3.57387224 33.02271273 33.64444356 10.63258337 
-75.69166565  50.19119644  11.09119129 -90.31181335  52.32692719  17.01489258 
-75.69166565  50.19119644  11.09119129 -77.01406097  58.47807693  19.68233681 
 3.97961528 36.96589824 11.74366913 14.47645073 40.7259065  16.98848674 
14.47645073 40.7259065  16.98848674  5.51795459 42.77293486 19.71295353 
-34.91838074  37.13240051  63.43335342 -24.37026978  42.41466141  62.15872955 
-24.37026978  42.41466141  62.15872955 -22.40474684  24.76879106  59.95689035 
-49.10038085 -21.11866103  21.02102011 -48.50620236 -28.40402635  29.60701742 
-49.10038085 -21.11866103  21.02102011 -56.06902444 -26.84729196  27.12813531 
-48.50620236 -28.40402635  29.60701742 -56.06902444 -26.84729196  27.12813531 
41.05389929 -1.28044934 60.99278743  52.84108734 -10.44203186  63.64406586 
 24.69420807 -33.52684761  25.76909616  36.73162575 -33.515375    19.82506607 
 36.73162575 -33.515375    19.82506607  34.80692135 -36.22171985  28.10689381 
 56.72016144 -22.83027649   6.01322889  40.9576975  -17.19312941   5.007553   
 41.39276738 -26.9205445   11.80007379  40.9576975  -17.19312941   5.007553   
-36.0846138   65.99524689  26.00783157 -27.58863258  65.10293579  33.24849319 
36.82851401 39.30037173 19.66024604 46.98776551 36.60101587 16.59906685 
-28.18683746  -0.27506447   7.07794244 -41.91774541   7.69637698   7.13014889 
-41.44338672  -2.57733609   9.40619415 -41.91774541   7.69637698   7.13014889 
 22.36639993 -14.8349551   54.0489972    6.70120385 -15.25681495  51.21511252 
  6.70120385 -15.25681495  51.21511252  6.28273491 -2.0809514  55.44174631 
 -2.27129769 -28.46409289  28.33297325   5.14274483 -28.78768259  39.41586572 
 -2.27129769 -28.46409289  28.33297325   5.88945097 -30.97525905  30.75058752 
  5.14274483 -28.78768259  39.41586572   5.88945097 -30.97525905  30.75058752 
61.25183105  7.61405134  1.4461062  47.77381051  0.83949683  1.12546329 
 58.17300797 -12.35084629   2.64167166 47.77381051  0.83949683  1.12546329 
-53.21370316  39.14768219  58.75564575 -34.91838074  37.13240051  63.43335342 
 14.62362558 -31.96133165  28.62525125   5.88945097 -30.97525905  30.75058752 
  5.88945097 -30.97525905  30.75058752   6.35117681 -27.69683447  21.62618387 
-51.10089258 -30.71861752  37.21711513 -52.6157257  -29.84899789  45.81583177 
-51.10089258 -30.71861752  37.21711513 -62.202429   -30.998608    41.19086154 
-52.6157257  -29.84899789  45.81583177 -62.202429   -30.998608    41.19086154 
-77.56645203 -28.59286499  45.76350021 -65.72722655 -29.16718279  47.48570669 
-65.72722655 -29.16718279  47.48570669 -72.1247168  -27.51718699  49.5009374  
 37.6275836  -21.40303026  55.97369436  37.9435371  -12.00223221  59.43606853 
 22.36639993 -14.8349551   54.0489972   37.9435371  -12.00223221  59.43606853 
 4.14652956 35.67197519 48.1307232  -5.81678498 44.07164545 48.923482   
-33.36832809  57.0958519   60.51416779 -42.5215683   55.45538712  62.45586777 
-42.5215683   55.45538712  62.45586777 -31.78566551  48.66773224  62.79785156 
 22.36639993 -14.8349551   54.0489972   14.99085688 -25.9409484   45.6477601  
53.81019211  3.88940072 63.30343628 41.05389929 -1.28044934 60.99278743 
53.81019211  3.88940072 63.30343628 36.20579322 10.20264953 58.11665985 
-60.13441824 -30.17493508  33.95688119 -62.202429   -30.998608    41.19086154 
-36.20014474 -24.91720175  24.02259627 -28.9765603  -17.95185881  17.23872    
-28.9765603  -17.95185881  17.23872    -23.85636336 -24.74435688  24.40491388 
-28.9765603  -17.95185881  17.23872    -15.80199167 -20.82068359  18.22511976 
-28.9765603  -17.95185881  17.23872    -11.00709803 -14.6298346   11.98990339 
-15.80199167 -20.82068359  18.22511976 -11.00709803 -14.6298346   11.98990339 
-74.9046402   37.67526627   7.07740259 -60.18754457  45.47083347   9.13887282 
-60.36380392  30.04054821   6.28859865 -60.18754457  45.47083347   9.13887282 
-22.71521671  -9.98095277  10.4928879  -11.00709803 -14.6298346   11.98990339 
29.51047799 29.64342419 47.44948907 40.30256334 21.62653972 54.13507008 
29.51047799 29.64342419 47.44948907 48.74991608 30.63559914 46.83689499 
29.52846486 24.23089427  3.57387224 18.38530714 13.85575784  1.00935302 
-60.13441824 -30.17493508  33.95688119 -56.06902444 -26.84729196  27.12813531 
-66.64022064 -27.98835945  30.05928802 -56.06902444 -26.84729196  27.12813531 
-77.27192688 -24.34784889  51.86507034 -71.65842438 -23.07230759  53.99272156 
-71.65842438 -23.07230759  53.99272156 -72.1247168  -27.51718699  49.5009374  
76.46570587 36.98026276 28.17919731 66.32055664 37.6632576  25.44695663 
76.46570587 36.98026276 28.17919731 64.74422455 37.49726486 32.10519409 
61.25183105  7.61405134  1.4461062  41.24330196 13.02316586  1.84228677 
57.58182526 21.14631653  4.77868986 41.24330196 13.02316586  1.84228677 
 44.79946878 -38.75466419  29.58419902  54.84087753 -41.29613495  34.48169327 
 44.79946878 -38.75466419  29.58419902  42.71322632 -35.97388077  41.83723831 
 54.84087753 -41.29613495  34.48169327  42.71322632 -35.97388077  41.83723831 
 26.06714774 -28.83158094  17.28056924  25.44487016 -20.36820479   9.35591933 
 41.39276738 -26.9205445   11.80007379  25.44487016 -20.36820479   9.35591933 
-70.2552948  -18.11122322  21.00245476 -72.92325592  -7.62883854  15.08381367 
-70.2552948  -18.11122322  21.00245476 -54.47721853  -5.87626523  11.92375645 
-72.92325592  -7.62883854  15.08381367 -54.47721853  -5.87626523  11.92375645 
-15.80199167 -20.82068359  18.22511976  -1.59823867 -21.95617647  17.06389939 
-15.80199167 -20.82068359  18.22511976 -10.84058142 -25.89907439  25.17223162 
 -1.59823867 -21.95617647  17.06389939 -10.84058142 -25.89907439  25.17223162 
 -2.27129769 -28.46409289  28.33297325  -6.96240112 -27.14280243  37.357075   
  5.14274483 -28.78768259  39.41586572  -6.96240112 -27.14280243  37.357075   
 44.79946878 -38.75466419  29.58419902  36.73162575 -33.515375    19.82506607 
 44.79946878 -38.75466419  29.58419902  34.80692135 -36.22171985  28.10689381 
41.24330196 13.02316586  1.84228677 47.77381051  0.83949683  1.12546329 
-22.71521671  -9.98095277  10.4928879  -28.18683746  -0.27506447   7.07794244 
-22.71521671  -9.98095277  10.4928879  -9.77018881 -3.25776287  5.62191866 
-14.19136881  -2.02111482  57.27353253  -8.83495593 -13.82632592  51.86408501 
 -8.83495593 -13.82632592  51.86408501 -20.66141678 -11.1804478   56.30817181 
-60.36380392  30.04054821   6.28859865 -62.15679932  15.26435184   6.8445034  
-62.15679932  15.26435184   6.8445034  -43.03973815  21.67372114   6.26505874 
-62.15679932  15.26435184   6.8445034  -72.92325592  -7.62883854  15.08381367 
 6.60943402 44.57277323 29.32799104 15.28947327 42.82409009 25.47207579 
 6.60943402 44.57277323 29.32799104  5.51795459 42.77293486 19.71295353 
15.28947327 42.82409009 25.47207579  5.51795459 42.77293486 19.71295353 
 66.07131958 -42.03688812  46.25250244  46.04026794 -30.15814209  52.20624924 
 66.07131958 -42.03688812  46.25250244  42.71322632 -35.97388077  41.83723831 
 46.04026794 -30.15814209  52.20624924  42.71322632 -35.97388077  41.83723831 
-89.28177643  14.42720032  13.95790386 -72.92325592  -7.62883854  15.08381367 
-23.85636336 -24.74435688  24.40491388 -15.80199167 -20.82068359  18.22511976 
-57.37187289  22.06562339  51.20218972 -48.25882571  11.12665307  54.22581416 
-57.37187289  22.06562339  51.20218972 -65.32318115   2.80269289  50.31106186 
-48.25882571  11.12665307  54.22581416 -65.32318115   2.80269289  50.31106186 
-31.66869276  -6.57307892  59.98638759 -30.60187362   8.81908434  59.19028129 
-43.03973815  21.67372114   6.26505874 -20.65559022  13.82704805   4.22520834 
-43.03973815  21.67372114   6.26505874 -41.91774541   7.69637698   7.13014889 
-20.65559022  13.82704805   4.22520834 -41.91774541   7.69637698   7.13014889 
12.44527567 11.93940675 55.2951901  -4.29237937 21.12682593 56.00414485 
-4.29237937 21.12682593 56.00414485 -8.95284753 10.29004461 56.95731552 
 6.60943402 44.57277323 29.32799104 21.53368215 41.48289257 32.64927349 
21.53368215 41.48289257 32.64927349 11.53537838 40.23635424 38.63122294 
59.07082748 36.20465469 37.58437729 48.74991608 30.63559914 46.83689499 
59.07082748 36.20465469 37.58437729 43.22939408 35.77486475 38.8086655  
48.74991608 30.63559914 46.83689499 43.22939408 35.77486475 38.8086655  
 70.40951538 -27.61396599   7.83556461  56.72016144 -22.83027649   6.01322889 
 70.40951538 -27.61396599   7.83556461  56.27548981 -32.49336243  11.5721817  
-10.84058142 -25.89907439  25.17223162  -6.96240112 -27.14280243  37.357075   
56.24848938 32.68717194 12.62737274 61.73446655 36.10474014 18.45000839 
76.89801788 33.30942154 15.91725254 61.73446655 36.10474014 18.45000839 
-28.64254563  43.4109432   11.86558854 -44.38275799  36.21555782   7.78907941 
 58.17300797 -12.35084629   2.64167166 40.3921757  -7.44209822  2.30307019 
23.92078996 -9.39705839  3.42942731   6.66581859 -15.02307817   8.14368094 
23.92078996 -9.39705839  3.42942731  7.11219683 -4.676689    3.43901993 
36.82851401 39.30037173 19.66024604 33.02271273 33.64444356 10.63258337 
-28.07611773 -27.43484572  33.94991493 -28.0044129  -25.43829647  43.80608853 
-51.10089258 -30.71861752  37.21711513 -43.86343493 -28.95522221  43.56656736 
-84.11071777  -7.0911355   51.94660187 -71.21477509 -16.04189301  55.56867599 
 46.04026794 -30.15814209  52.20624924  31.27742014 -26.88216784  49.98461784 
-87.99474335  51.49354172  36.81335449 -81.42494202  54.76767731  36.89404297 
-87.99474335  51.49354172  36.81335449 -88.44667816  54.72633743  33.92871475 
-81.42494202  54.76767731  36.89404297 -88.44667816  54.72633743  33.92871475 
-73.31567383 -30.08810425  42.35659027 -73.30484009 -29.60900116  36.11582947 
-50.44328308  65.35729218  21.78861237 -34.72221375  56.45859146  17.16631508 
-89.68161011  56.6180687   23.82995033 -76.6111145   60.64064407  27.38391685 
-89.68161011  56.6180687   23.82995033 -77.01406097  58.47807693  19.68233681 
-69.51163483  56.95856857  15.10094357 -77.01406097  58.47807693  19.68233681 
-69.51163483  56.95856857  15.10094357 -62.81858826  63.45969772  23.18774986 
-53.21370316  39.14768219  58.75564575 -49.01437759  54.79354477  61.94646454 
-53.21370316  39.14768219  58.75564575 -62.97340393  55.18467331  54.00987244 
-49.01437759  54.79354477  61.94646454 -62.97340393  55.18467331  54.00987244 
 13.54268772 -24.71299052  15.5485017   26.06714774 -28.83158094  17.28056924 
-26.93964958  58.07387161  22.99368477 -13.69401721  44.42132324  15.82458806 
-74.9046402   37.67526627   7.07740259 -90.0405426   34.33110428  13.54178143 
-90.42784882  47.39505768  14.45114422 -90.0405426   34.33110428  13.54178143 
-83.66464233 -19.21728516  51.96563721 -71.65842438 -23.07230759  53.99272156 
-69.51163483  56.95856857  15.10094357 -53.57222366  58.02444077  14.57211971 
 18.65877908 -32.14219297  37.71948548  27.27953436 -34.93275199  34.61599857 
24.45889279 19.90026241 53.98931517 40.30256334 21.62653972 54.13507008 
24.45889279 19.90026241 53.98931517 36.20579322 10.20264953 58.11665985 
40.30256334 21.62653972 54.13507008 36.20579322 10.20264953 58.11665985 
-34.91838074  37.13240051  63.43335342 -49.01437759  54.79354477  61.94646454 
-20.65559022  13.82704805   4.22520834 -29.16094442  28.90371365   7.0188296  
 54.84087753 -41.29613495  34.48169327  66.88837433 -44.27781296  30.67395782 
 54.84087753 -41.29613495  34.48169327  66.30540466 -43.90621567  39.82568359 
 66.88837433 -44.27781296  30.67395782  66.30540466 -43.90621567  39.82568359 
-18.33897209  47.36751175  58.02740479 -26.71690369  58.97642136  56.55482101 
-18.33897209  47.36751175  58.02740479 -23.50694847  60.52433014  52.24227142 
-26.71690369  58.97642136  56.55482101 -23.50694847  60.52433014  52.24227142 
21.53368215 41.48289257 32.64927349 21.94250878 36.36076595 41.42058957 
29.51047799 29.64342419 47.44948907 24.45889279 19.90026241 53.98931517 
29.51047799 29.64342419 47.44948907  7.81219294 26.15088881 51.14811488 
24.45889279 19.90026241 53.98931517  7.81219294 26.15088881 51.14811488 
-87.30638885  44.38011551  40.53565979 -68.94013977  32.32438278  47.04044342 
-87.30638885  44.38011551  40.53565979 -86.43238068  29.29537964  43.26000977 
-68.94013977  32.32438278  47.04044342 -86.43238068  29.29537964  43.26000977 
53.81019211  3.88940072 63.30343628 57.36237335 15.26152515 59.73386002 
70.7658844   9.86347199 64.74663544 57.36237335 15.26152515 59.73386002 
 3.97961528 36.96589824 11.74366913 -13.69401721  44.42132324  15.82458806 
-72.92325592  -7.62883854  15.08381367 -87.40115356 -11.25312233  22.13131142 
 58.17300797 -12.35084629   2.64167166  40.9576975  -17.19312941   5.007553   
12.44527567 11.93940675 55.2951901  24.45889279 19.90026241 53.98931517 
-1.46318714 18.5087096   2.673102   -20.65559022  13.82704805   4.22520834 
-1.46318714 18.5087096   2.673102   0.88420556 6.77089673 1.5323017  
 70.40951538 -27.61396599   7.83556461  72.50257874 -12.88258743   2.38048673 
59.07082748 36.20465469 37.58437729 51.24888136 38.96559678 27.52073809 
-9.77018881 -3.25776287  5.62191866 -11.00709803 -14.6298346   11.98990339 
-11.59423024  30.70513256   7.10451359 -29.16094442  28.90371365   7.0188296  
-28.64254563  43.4109432   11.86558854 -29.16094442  28.90371365   7.0188296  
-9.31923485 53.47000122 41.65486908 -21.41743088  63.06837845  43.69135284 
-5.81678498 44.07164545 48.923482   -6.38690692 37.29417302 52.53885488 
-13.52133656  50.89694595  52.54511642 -6.38690692 37.29417302 52.53885488 
 66.07131958 -42.03688812  46.25250244  54.84087753 -41.29613495  34.48169327 
 66.07131958 -42.03688812  46.25250244  66.30540466 -43.90621567  39.82568359 
 44.79946878 -38.75466419  29.58419902  36.2219463  -36.09624686  37.21112372 
12.44527567 11.93940675 55.2951901   7.81219294 26.15088881 51.14811488 
16.50698889  1.7967699   0.9379242  18.38530714 13.85575784  1.00935302 
16.50698889  1.7967699   0.9379242  31.25553734  2.69817061  0.99605374 
70.7658844   9.86347199 64.74663544 73.1881485  24.68751335 54.7410965  
-14.19136881  -2.02111482  57.27353253 -2.6355315  -8.47893517 54.18355297 
 -8.83495593 -13.82632592  51.86408501 -2.6355315  -8.47893517 54.18355297 
29.51047799 29.64342419 47.44948907 43.22939408 35.77486475 38.8086655  
-3.65016434 44.71178704 21.72197238 -5.84964275 50.05953598 33.4673996  
-56.2732112  -27.18077143  51.12292153 -62.202429   -30.998608    41.19086154 
15.28947327 42.82409009 25.47207579 14.47645073 40.7259065  16.98848674 
 6.60943402 44.57277323 29.32799104 -3.65016434 44.71178704 21.72197238 
 6.60943402 44.57277323 29.32799104 -5.84964275 50.05953598 33.4673996  
15.28947327 42.82409009 25.47207579 21.53368215 41.48289257 32.64927349 
 14.62362558 -31.96133165  28.62525125  14.99085688 -25.9409484   45.6477601  
 14.62362558 -31.96133165  28.62525125   5.14274483 -28.78768259  39.41586572 
 14.99085688 -25.9409484   45.6477601    5.14274483 -28.78768259  39.41586572 
-41.10990305  23.81421712  58.2684917  -30.60187362   8.81908434  59.19028129 
56.24848938 32.68717194 12.62737274 46.98776551 36.60101587 16.59906685 
-18.33897209  47.36751175  58.02740479 -13.52133656  50.89694595  52.54511642 
-13.52133656  50.89694595  52.54511642 -23.50694847  60.52433014  52.24227142 
-41.44338672  -2.57733609   9.40619415 -54.47721853  -5.87626523  11.92375645 
-38.26077858 -11.21944405  12.87988517 -54.47721853  -5.87626523  11.92375645 
-11.59423024  30.70513256   7.10451359 -20.65559022  13.82704805   4.22520834 
 37.6275836  -21.40303026  55.97369436  46.04026794 -30.15814209  52.20624924 
 44.79946878 -38.75466419  29.58419902  56.54740524 -41.30226898  27.43380737 
 44.79946878 -38.75466419  29.58419902  48.08920835 -35.69814555  18.99816454 
 56.54740524 -41.30226898  27.43380737  48.08920835 -35.69814555  18.99816454 
56.24848938 32.68717194 12.62737274 43.87637078 29.92831692  8.67015873 
46.98776551 36.60101587 16.59906685 43.87637078 29.92831692  8.67015873 
-89.28177643  14.42720032  13.95790386 -87.40115356 -11.25312233  22.13131142 
-34.91838074  37.13240051  63.43335342 -31.78566551  48.66773224  62.79785156 
-49.01437759  54.79354477  61.94646454 -31.78566551  48.66773224  62.79785156 
 37.6275836  -21.40303026  55.97369436  51.98680115 -23.10970306  59.77358627 
 41.39276738 -26.9205445   11.80007379  48.08920835 -35.69814555  18.99816454 
 48.08920835 -35.69814555  18.99816454  56.27548981 -32.49336243  11.5721817  
 -8.83495593 -13.82632592  51.86408501   6.70120385 -15.25681495  51.21511252 
  6.70120385 -15.25681495  51.21511252 -2.6355315  -8.47893517 54.18355297 
 -2.27129769 -28.46409289  28.33297325  -1.59823867 -21.95617647  17.06389939 
 -2.27129769 -28.46409289  28.33297325 -10.84058142 -25.89907439  25.17223162 
-71.7467804   23.13993263  45.35346603 -86.43238068  29.29537964  43.26000977 
-85.54459381  13.22912788  45.94347382 -86.43238068  29.29537964  43.26000977 
46.98776551 36.60101587 16.59906685 33.02271273 33.64444356 10.63258337 
33.02271273 33.64444356 10.63258337 43.87637078 29.92831692  8.67015873 
64.74422455 37.49726486 32.10519409 76.09310913 36.73280334 33.11369705 
76.09310913 36.73280334 33.11369705 74.91531372 32.91178513 43.6087532  
-70.2552948  -18.11122322  21.00245476 -49.10038085 -21.11866103  21.02102011 
-49.10038085 -21.11866103  21.02102011 -54.47721853  -5.87626523  11.92375645 
-75.69166565  50.19119644  11.09119129 -60.18754457  45.47083347   9.13887282 
-75.69166565  50.19119644  11.09119129 -69.51163483  56.95856857  15.10094357 
-60.18754457  45.47083347   9.13887282 -69.51163483  56.95856857  15.10094357 
 54.84087753 -41.29613495  34.48169327  56.54740524 -41.30226898  27.43380737 
 56.54740524 -41.30226898  27.43380737  66.88837433 -44.27781296  30.67395782 
 24.69420807 -33.52684761  25.76909616  18.65877908 -32.14219297  37.71948548 
 14.62362558 -31.96133165  28.62525125  18.65877908 -32.14219297  37.71948548 
 2.06539636 41.73877921 43.1668376   2.44392558 45.80334927 35.99978764 
 6.28273491 -2.0809514  55.44174631 -2.6355315  -8.47893517 54.18355297 
29.51047799 29.64342419 47.44948907 15.30666776 33.24936456 46.30118445 
-73.31567383 -30.08810425  42.35659027 -62.202429   -30.998608    41.19086154 
-73.30484009 -29.60900116  36.11582947 -62.202429   -30.998608    41.19086154 
36.20579322 10.20264953 58.11665985 57.36237335 15.26152515 59.73386002 
 70.40951538 -27.61396599   7.83556461  68.79567719 -37.87353134  14.16337967 
 56.27548981 -32.49336243  11.5721817   68.79567719 -37.87353134  14.16337967 
 36.73162575 -33.515375    19.82506607  48.08920835 -35.69814555  18.99816454 
-36.45199991 -26.0257148   47.84198805 -28.20253897 -18.78673289  54.00730057 
-36.45199991 -26.0257148   47.84198805 -37.29141312 -18.0574726   56.64644169 
-14.19136881  -2.02111482  57.27353253 -30.60187362   8.81908434  59.19028129 
18.38530714 13.85575784  1.00935302 0.88420556 6.77089673 1.5323017  
-49.01437759  54.79354477  61.94646454 -42.5215683   55.45538712  62.45586777 
 59.21024323 -38.36808395  17.84178162  48.08920835 -35.69814555  18.99816454 
57.58182526 21.14631653  4.77868986 76.5856781  26.50325966  9.05366039 
58.63351059 27.44040489  8.47715759 76.5856781  26.50325966  9.05366039 
45.40101843 22.35694214  4.27648792 43.87637078 29.92831692  8.67015873 
29.52846486 24.23089427  3.57387224 43.87637078 29.92831692  8.67015873 
16.50698889  1.7967699   0.9379242  23.92078996 -9.39705839  3.42942731 
11.53537838 40.23635424 38.63122294 21.94250878 36.36076595 41.42058957 
-28.07611773 -27.43484572  33.94991493 -39.09739203 -29.08794069  33.97536985 
-39.09739203 -29.08794069  33.97536985 -28.0044129  -25.43829647  43.80608853 
-56.2732112  -27.18077143  51.12292153 -65.72722655 -29.16718279  47.48570669 
-65.72722655 -29.16718279  47.48570669 -62.58132303 -24.25581725  54.23045018 
58.63351059 27.44040489  8.47715759 43.87637078 29.92831692  8.67015873 
18.73583884 31.72753436  7.25449837  3.97961528 36.96589824 11.74366913 
-78.85636902  57.44089508  38.3335228  -76.71709442  56.82603455  41.58974075 
-78.85636902  57.44089508  38.3335228  -81.42494202  54.76767731  36.89404297 
-60.18754457  45.47083347   9.13887282 -53.57222366  58.02444077  14.57211971 
-26.71690369  58.97642136  56.55482101 -33.36832809  57.0958519   60.51416779 
-26.71690369  58.97642136  56.55482101 -24.37026978  42.41466141  62.15872955 
-65.72722655 -29.16718279  47.48570669 -62.202429   -30.998608    41.19086154 
15.30666776 33.24936456 46.30118445 11.53537838 40.23635424 38.63122294 
76.5856781  26.50325966  9.05366039 76.89801788 33.30942154 15.91725254 
 -2.51132808 -22.35524192  46.2129827    5.14274483 -28.78768259  39.41586572 
 -2.51132808 -22.35524192  46.2129827   -6.96240112 -27.14280243  37.357075   
-73.31567383 -30.08810425  42.35659027 -65.72722655 -29.16718279  47.48570669 
-11.81102562  32.53749236  56.48064954 -24.37026978  42.41466141  62.15872955 
-11.81102562  32.53749236  56.48064954 -22.40474684  24.76879106  59.95689035 
-87.30638885  44.38011551  40.53565979 -74.10627747  48.72452927  45.38816833 
-17.26324669 -19.87735764  49.3917915  -28.20253897 -18.78673289  54.00730057 
-28.20253897 -18.78673289  54.00730057 -28.0044129  -25.43829647  43.80608853 
 66.39846039 -30.47831345  60.58909988  67.30767059 -19.72952652  65.48761749 
 66.07131958 -42.03688812  46.25250244  66.0612793  -36.66039658  54.95809555 
-4.29237937 21.12682593 56.00414485 -22.40474684  24.76879106  59.95689035 
76.46570587 36.98026276 28.17919731 76.79683685 35.91751862 21.64834404 
53.81019211  3.88940072 63.30343628  52.84108734 -10.44203186  63.64406586 
68.97216797 -3.9563539  67.67053223  52.84108734 -10.44203186  63.64406586 
-11.59423024  30.70513256   7.10451359 -1.46318714 18.5087096   2.673102   
15.28947327 42.82409009 25.47207579 26.1637937  41.35379333 23.01506857 
 3.97961528 36.96589824 11.74366913 22.39286506 38.14298851 13.29255036 
14.47645073 40.7259065  16.98848674 22.39286506 38.14298851 13.29255036 
15.30666776 33.24936456 46.30118445 21.94250878 36.36076595 41.42058957 
-20.66141678 -11.1804478   56.30817181 -28.20253897 -18.78673289  54.00730057 
-42.10212708  66.03660583  23.08509636 -50.44328308  65.35729218  21.78861237 
-42.10212708  66.03660583  23.08509636 -34.72221375  56.45859146  17.16631508 
-22.05267143  63.79382706  40.68712234 -21.41743088  63.06837845  43.69135284 
-42.10212708  66.03660583  23.08509636 -36.0846138   65.99524689  26.00783157 
-65.72722655 -29.16718279  47.48570669 -71.65842438 -23.07230759  53.99272156 
-81.42494202  54.76767731  36.89404297 -79.36247253  58.16724777  35.90172195 
-4.29237937 21.12682593 56.00414485 -11.81102562  32.53749236  56.48064954 
-36.45199991 -26.0257148   47.84198805 -28.0044129  -25.43829647  43.80608853 
-89.68161011  56.6180687   23.82995033 -90.05193329  54.90315247  20.07413483 
-17.26324669 -19.87735764  49.3917915  -20.66141678 -11.1804478   56.30817181 
14.47645073 40.7259065  16.98848674 26.1637937  41.35379333 23.01506857 
-4.29237937 21.12682593 56.00414485  7.81219294 26.15088881 51.14811488 
 67.60708618 -42.7167511   23.17134285  66.88837433 -44.27781296  30.67395782 
-78.85636902  57.44089508  38.3335228  -79.36247253  58.16724777  35.90172195 
76.79683685 35.91751862 21.64834404 76.89801788 33.30942154 15.91725254 
 59.21024323 -38.36808395  17.84178162  56.27548981 -32.49336243  11.5721817  
-18.33897209  47.36751175  58.02740479 -24.37026978  42.41466141  62.15872955 
68.97216797 -3.9563539  67.67053223  67.30767059 -19.72952652  65.48761749 
-84.11071777  -7.0911355   51.94660187 -83.66464233 -19.21728516  51.96563721 
-83.66464233 -19.21728516  51.96563721 -71.21477509 -16.04189301  55.56867599 
-87.30638885  44.38011551  40.53565979 -87.99474335  51.49354172  36.81335449 
-41.10990305  23.81421712  58.2684917  -48.25882571  11.12665307  54.22581416 
-49.10038085 -21.11866103  21.02102011 -66.64022064 -27.98835945  30.05928802 
-27.58863258  65.10293579  33.24849319 -22.05267143  63.79382706  40.68712234 
75.60346985 14.25387669  2.87672687 76.5856781  26.50325966  9.05366039 
 67.60708618 -42.7167511   23.17134285  68.28831482 -40.21114731  17.56285667 
-90.42784882  47.39505768  14.45114422 -90.31181335  52.32692719  17.01489258 
-88.76461792  56.30541992  31.67387009 -89.29230499  57.13271332  27.36462402 
-84.28007507 -27.87221336  43.90811157 -84.76483917 -28.37627602  39.55477524 
-89.68161011  56.6180687   23.82995033 -89.29230499  57.13271332  27.36462402 
 -2.27129769 -28.46409289  28.33297325   6.35117681 -27.69683447  21.62618387 
76.46570587 36.98026276 28.17919731 76.09310913 36.73280334 33.11369705 
